GEOID,SUMLEVEL,ST,COUNTY,Total,ReceivedSNAPLast12mo,ReceivedSNAPLast12moBelowPov,ReceivedSNAPLast12moAtOrAbovePov,NOSNAPLast12mo,NOSNAPLast12moPov,NoSNAPLast12MoAtOrAbovePov,COMPONENT,TRACT
04000US06,40,6,null,12542460,1012610,527557,485053,11529850,1236914,10292936,0,null
05000US06037,50,6,37,3230383,251947,135565,116382,2978436,391685,2586751,0,null
14000US06037101110,140,6,37,1682,81,43,38,1601,248,1353,0,101110
14000US06037101122,140,6,37,1228,27,0,27,1201,73,1128,0,101122
14000US06037101210,140,6,37,2216,199,75,124,2017,470,1547,0,101210
14000US06037101220,140,6,37,1167,73,39,34,1094,198,896,0,101220
14000US06037101300,140,6,37,1529,5,0,5,1524,104,1420,0,101300
14000US06037101400,140,6,37,1534,117,39,78,1417,231,1186,0,101400
14000US06037102103,140,6,37,680,8,0,8,672,5,667,0,102103
14000US06037102104,140,6,37,1310,0,0,0,1310,45,1265,0,102104
14000US06037102105,140,6,37,570,30,24,6,540,90,450,0,102105
14000US06037102107,140,6,37,1216,148,86,62,1068,156,912,0,102107
14000US06037103101,140,6,37,904,38,0,38,866,69,797,0,103101
14000US06037103102,140,6,37,1661,101,26,75,1560,134,1426,0,103102
14000US06037103200,140,6,37,2169,43,20,23,2126,349,1777,0,103200
14000US06037103300,140,6,37,1280,13,13,0,1267,105,1162,0,103300
14000US06037103400,140,6,37,2434,231,33,198,2203,239,1964,0,103400
14000US06037104103,140,6,37,768,43,7,36,725,14,711,0,104103
14000US06037104105,140,6,37,1434,237,167,70,1197,198,999,0,104105
14000US06037104108,140,6,37,1355,170,71,99,1185,319,866,0,104108
14000US06037104124,140,6,37,1185,132,19,113,1053,119,934,0,104124
14000US06037104201,140,6,37,881,163,28,135,718,90,628,0,104201
14000US06037104203,140,6,37,1011,99,47,52,912,247,665,0,104203
14000US06037104204,140,6,37,714,118,68,50,596,128,468,0,104204
14000US06037104310,140,6,37,840,113,66,47,727,108,619,0,104310
14000US06037104320,140,6,37,1122,205,67,138,917,210,707,0,104320
14000US06037104401,140,6,37,625,101,74,27,524,34,490,0,104401
14000US06037104403,140,6,37,616,52,22,30,564,136,428,0,104403
14000US06037104404,140,6,37,595,63,35,28,532,131,401,0,104404
14000US06037104500,140,6,37,654,83,51,32,571,127,444,0,104500
14000US06037104610,140,6,37,733,125,102,23,608,155,453,0,104610
14000US06037104620,140,6,37,736,74,55,19,662,58,604,0,104620
14000US06037104701,140,6,37,873,318,169,149,555,125,430,0,104701
14000US06037104703,140,6,37,511,82,53,29,429,109,320,0,104703
14000US06037104704,140,6,37,1114,120,88,32,994,132,862,0,104704
14000US06037104810,140,6,37,1035,208,118,90,827,80,747,0,104810
14000US06037104821,140,6,37,745,77,23,54,668,99,569,0,104821
14000US06037104822,140,6,37,517,112,47,65,405,127,278,0,104822
14000US06037106010,140,6,37,861,51,39,12,810,30,780,0,106010
14000US06037106020,140,6,37,1346,50,23,27,1296,111,1185,0,106020
14000US06037106111,140,6,37,1394,38,32,6,1356,122,1234,0,106111
14000US06037106112,140,6,37,1483,19,8,11,1464,213,1251,0,106112
14000US06037106113,140,6,37,921,52,9,43,869,57,812,0,106113
14000US06037106114,140,6,37,1515,161,133,28,1354,229,1125,0,106114
14000US06037106403,140,6,37,697,96,7,89,601,27,574,0,106403
14000US06037106405,140,6,37,955,29,29,0,926,83,843,0,106405
14000US06037106406,140,6,37,1379,99,39,60,1280,54,1226,0,106406
14000US06037106407,140,6,37,760,82,53,29,678,132,546,0,106407
14000US06037106408,140,6,37,965,174,50,124,791,164,627,0,106408
14000US06037106510,140,6,37,1489,30,0,30,1459,103,1356,0,106510
14000US06037106520,140,6,37,1278,69,19,50,1209,196,1013,0,106520
14000US06037106603,140,6,37,1005,0,0,0,1005,33,972,0,106603
14000US06037106604,140,6,37,1157,106,37,69,1051,162,889,0,106604
14000US06037106641,140,6,37,733,4,4,0,729,9,720,0,106641
14000US06037106642,140,6,37,1117,51,48,3,1066,62,1004,0,106642
14000US06037106643,140,6,37,1310,0,0,0,1310,34,1276,0,106643
14000US06037106645,140,6,37,1166,22,0,22,1144,32,1112,0,106645
14000US06037106646,140,6,37,985,11,0,11,974,69,905,0,106646
14000US06037106648,140,6,37,955,235,159,76,720,103,617,0,106648
14000US06037106649,140,6,37,666,57,9,48,609,55,554,0,106649
14000US06037107010,140,6,37,732,58,14,44,674,115,559,0,107010
14000US06037107020,140,6,37,1218,123,64,59,1095,176,919,0,107020
14000US06037108101,140,6,37,800,0,0,0,800,24,776,0,108101
14000US06037108102,140,6,37,1250,3,0,3,1247,51,1196,0,108102
14000US06037108103,140,6,37,1062,6,0,6,1056,25,1031,0,108103
14000US06037108104,140,6,37,593,0,0,0,593,20,573,0,108104
14000US06037108201,140,6,37,1914,7,0,7,1907,108,1799,0,108201
14000US06037108202,140,6,37,1982,30,0,30,1952,217,1735,0,108202
14000US06037109100,140,6,37,690,17,0,17,673,44,629,0,109100
14000US06037109200,140,6,37,923,18,14,4,905,48,857,0,109200
14000US06037109300,140,6,37,878,19,6,13,859,14,845,0,109300
14000US06037109400,140,6,37,1088,34,0,34,1054,67,987,0,109400
14000US06037109500,140,6,37,1042,41,19,22,1001,134,867,0,109500
14000US06037109601,140,6,37,1272,17,8,9,1255,71,1184,0,109601
14000US06037109603,140,6,37,1277,56,0,56,1221,112,1109,0,109603
14000US06037109604,140,6,37,934,22,5,17,912,115,797,0,109604
14000US06037109700,140,6,37,1305,53,17,36,1252,73,1179,0,109700
14000US06037109800,140,6,37,1390,60,14,46,1330,173,1157,0,109800
14000US06037111100,140,6,37,964,17,0,17,947,52,895,0,111100
14000US06037111201,140,6,37,1049,25,7,18,1024,25,999,0,111201
14000US06037111202,140,6,37,1820,47,12,35,1773,114,1659,0,111202
14000US06037111204,140,6,37,1906,15,0,15,1891,104,1787,0,111204
14000US06037111205,140,6,37,1305,47,0,47,1258,131,1127,0,111205
14000US06037111206,140,6,37,1443,15,0,15,1428,152,1276,0,111206
14000US06037111301,140,6,37,2687,191,108,83,2496,347,2149,0,111301
14000US06037111302,140,6,37,1775,45,0,45,1730,199,1531,0,111302
14000US06037111400,140,6,37,2781,150,66,84,2631,468,2163,0,111400
14000US06037113101,140,6,37,1155,13,0,13,1142,76,1066,0,113101
14000US06037113102,140,6,37,952,0,0,0,952,37,915,0,113102
14000US06037113211,140,6,37,1568,10,0,10,1558,62,1496,0,113211
14000US06037113212,140,6,37,1068,14,0,14,1054,36,1018,0,113212
14000US06037113213,140,6,37,1656,65,32,33,1591,158,1433,0,113213
14000US06037113231,140,6,37,825,0,0,0,825,39,786,0,113231
14000US06037113232,140,6,37,1391,23,0,23,1368,38,1330,0,113232
14000US06037113233,140,6,37,2247,296,119,177,1951,223,1728,0,113233
14000US06037113234,140,6,37,1401,192,135,57,1209,216,993,0,113234
14000US06037113235,140,6,37,678,40,35,5,638,11,627,0,113235
14000US06037113237,140,6,37,1407,45,27,18,1362,97,1265,0,113237
14000US06037113301,140,6,37,766,15,0,15,751,26,725,0,113301
14000US06037113303,140,6,37,1348,69,11,58,1279,85,1194,0,113303
14000US06037113321,140,6,37,2353,64,37,27,2289,312,1977,0,113321
14000US06037113322,140,6,37,1363,33,0,33,1330,60,1270,0,113322
14000US06037113401,140,6,37,1712,63,54,9,1649,140,1509,0,113401
14000US06037113421,140,6,37,1897,197,164,33,1700,329,1371,0,113421
14000US06037113422,140,6,37,2098,156,105,51,1942,209,1733,0,113422
14000US06037115101,140,6,37,1678,22,0,22,1656,47,1609,0,115101
14000US06037115103,140,6,37,55,13,13,0,42,17,25,0,115103
14000US06037115104,140,6,37,1794,11,11,0,1783,536,1247,0,115104
14000US06037115201,140,6,37,2764,39,21,18,2725,541,2184,0,115201
14000US06037115202,140,6,37,1806,16,0,16,1790,303,1487,0,115202
14000US06037115301,140,6,37,1617,0,0,0,1617,228,1389,0,115301
14000US06037115302,140,6,37,974,138,78,60,836,176,660,0,115302
14000US06037115401,140,6,37,1953,235,122,113,1718,229,1489,0,115401
14000US06037115403,140,6,37,1030,122,104,18,908,85,823,0,115403
14000US06037115404,140,6,37,794,100,51,49,694,113,581,0,115404
14000US06037117101,140,6,37,1289,48,22,26,1241,152,1089,0,117101
14000US06037117102,140,6,37,796,22,0,22,774,21,753,0,117102
14000US06037117201,140,6,37,1139,198,132,66,941,229,712,0,117201
14000US06037117202,140,6,37,658,15,0,15,643,13,630,0,117202
14000US06037117301,140,6,37,1232,49,0,49,1183,56,1127,0,117301
14000US06037117302,140,6,37,1632,60,6,54,1572,111,1461,0,117302
14000US06037117303,140,6,37,1051,9,0,9,1042,25,1017,0,117303
14000US06037117404,140,6,37,1294,16,8,8,1278,41,1237,0,117404
14000US06037117405,140,6,37,826,245,182,63,581,204,377,0,117405
14000US06037117407,140,6,37,801,235,125,110,566,189,377,0,117407
14000US06037117408,140,6,37,892,237,159,78,655,149,506,0,117408
14000US06037117510,140,6,37,1010,241,153,88,769,207,562,0,117510
14000US06037117520,140,6,37,896,255,155,100,641,156,485,0,117520
14000US06037117530,140,6,37,1467,243,183,60,1224,306,918,0,117530
14000US06037119001,140,6,37,951,109,0,109,842,113,729,0,119001
14000US06037119002,140,6,37,1465,87,78,9,1378,175,1203,0,119002
14000US06037119201,140,6,37,856,109,39,70,747,43,704,0,119201
14000US06037119202,140,6,37,887,19,0,19,868,140,728,0,119202
14000US06037119310,140,6,37,1056,88,56,32,968,143,825,0,119310
14000US06037119320,140,6,37,1090,187,79,108,903,215,688,0,119320
14000US06037119340,140,6,37,955,219,150,69,736,191,545,0,119340
14000US06037119341,140,6,37,743,89,30,59,654,141,513,0,119341
14000US06037119342,140,6,37,761,117,87,30,644,122,522,0,119342
14000US06037119400,140,6,37,1077,77,25,52,1000,86,914,0,119400
14000US06037119700,140,6,37,1244,47,8,39,1197,140,1057,0,119700
14000US06037119800,140,6,37,1358,141,0,141,1217,111,1106,0,119800
14000US06037119900,140,6,37,1188,64,15,49,1124,87,1037,0,119900
14000US06037120010,140,6,37,691,35,5,30,656,72,584,0,120010
14000US06037120020,140,6,37,1103,196,147,49,907,222,685,0,120020
14000US06037120030,140,6,37,639,174,76,98,465,165,300,0,120030
14000US06037120103,140,6,37,840,217,164,53,623,208,415,0,120103
14000US06037120104,140,6,37,770,173,105,68,597,131,466,0,120104
14000US06037120105,140,6,37,871,68,43,25,803,253,550,0,120105
14000US06037120106,140,6,37,1171,236,116,120,935,231,704,0,120106
14000US06037120107,140,6,37,1006,342,267,75,664,221,443,0,120107
14000US06037120108,140,6,37,1261,116,85,31,1145,324,821,0,120108
14000US06037120300,140,6,37,1392,91,47,44,1301,83,1218,0,120300
14000US06037120400,140,6,37,1985,267,134,133,1718,342,1376,0,120400
14000US06037121010,140,6,37,1294,51,23,28,1243,176,1067,0,121010
14000US06037121020,140,6,37,947,119,58,61,828,124,704,0,121020
14000US06037121101,140,6,37,919,135,100,35,784,113,671,0,121101
14000US06037121102,140,6,37,784,78,29,49,706,83,623,0,121102
14000US06037121210,140,6,37,793,89,64,25,704,152,552,0,121210
14000US06037121221,140,6,37,508,37,18,19,471,33,438,0,121221
14000US06037121222,140,6,37,1194,312,196,116,882,111,771,0,121222
14000US06037121600,140,6,37,774,62,39,23,712,49,663,0,121600
14000US06037121801,140,6,37,1092,185,98,87,907,161,746,0,121801
14000US06037121802,140,6,37,706,27,20,7,679,56,623,0,121802
14000US06037121900,140,6,37,1052,153,45,108,899,56,843,0,121900
14000US06037122000,140,6,37,1483,104,56,48,1379,220,1159,0,122000
14000US06037122120,140,6,37,1123,117,47,70,1006,154,852,0,122120
14000US06037122121,140,6,37,724,144,35,109,580,111,469,0,122121
14000US06037122122,140,6,37,605,139,115,24,466,98,368,0,122122
14000US06037122200,140,6,37,918,112,80,32,806,91,715,0,122200
14000US06037122410,140,6,37,1052,263,152,111,789,235,554,0,122410
14000US06037122420,140,6,37,1350,188,75,113,1162,249,913,0,122420
14000US06037123010,140,6,37,1050,195,52,143,855,226,629,0,123010
14000US06037123020,140,6,37,778,102,25,77,676,143,533,0,123020
14000US06037123103,140,6,37,1518,129,27,102,1389,113,1276,0,123103
14000US06037123104,140,6,37,1575,138,37,101,1437,288,1149,0,123104
14000US06037123203,140,6,37,1040,225,115,110,815,135,680,0,123203
14000US06037123204,140,6,37,1029,141,103,38,888,169,719,0,123204
14000US06037123205,140,6,37,692,132,68,64,560,140,420,0,123205
14000US06037123206,140,6,37,838,100,81,19,738,146,592,0,123206
14000US06037123301,140,6,37,1527,108,52,56,1419,150,1269,0,123301
14000US06037123303,140,6,37,903,130,67,63,773,162,611,0,123303
14000US06037123304,140,6,37,1653,130,68,62,1523,314,1209,0,123304
14000US06037123410,140,6,37,1206,198,105,93,1008,174,834,0,123410
14000US06037123420,140,6,37,1407,196,152,44,1211,179,1032,0,123420
14000US06037123510,140,6,37,1492,154,88,66,1338,248,1090,0,123510
14000US06037123520,140,6,37,844,98,30,68,746,214,532,0,123520
14000US06037123601,140,6,37,1876,126,87,39,1750,244,1506,0,123601
14000US06037123602,140,6,37,1305,111,82,29,1194,204,990,0,123602
14000US06037123700,140,6,37,1460,92,18,74,1368,202,1166,0,123700
14000US06037123800,140,6,37,2255,153,74,79,2102,390,1712,0,123800
14000US06037123901,140,6,37,1496,83,52,31,1413,264,1149,0,123901
14000US06037123902,140,6,37,1101,54,30,24,1047,109,938,0,123902
14000US06037124000,140,6,37,2006,58,58,0,1948,96,1852,0,124000
14000US06037124102,140,6,37,1317,154,43,111,1163,139,1024,0,124102
14000US06037124103,140,6,37,597,83,45,38,514,126,388,0,124103
14000US06037124104,140,6,37,1034,72,46,26,962,201,761,0,124104
14000US06037124105,140,6,37,851,49,24,25,802,242,560,0,124105
14000US06037124201,140,6,37,1070,145,0,145,925,77,848,0,124201
14000US06037124203,140,6,37,838,148,107,41,690,135,555,0,124203
14000US06037124204,140,6,37,1011,66,54,12,945,231,714,0,124204
14000US06037124300,140,6,37,1254,118,42,76,1136,152,984,0,124300
14000US06037124400,140,6,37,1543,51,29,22,1492,187,1305,0,124400
14000US06037124500,140,6,37,1191,61,15,46,1130,85,1045,0,124500
14000US06037124600,140,6,37,1416,36,0,36,1380,99,1281,0,124600
14000US06037124700,140,6,37,2047,67,25,42,1980,124,1856,0,124700
14000US06037124902,140,6,37,1524,54,0,54,1470,175,1295,0,124902
14000US06037124903,140,6,37,1648,108,0,108,1540,387,1153,0,124903
14000US06037125100,140,6,37,2554,82,21,61,2472,260,2212,0,125100
14000US06037125200,140,6,37,1704,63,26,37,1641,162,1479,0,125200
14000US06037125310,140,6,37,1940,112,94,18,1828,332,1496,0,125310
14000US06037125320,140,6,37,2546,90,8,82,2456,389,2067,0,125320
14000US06037125401,140,6,37,2084,59,44,15,2025,196,1829,0,125401
14000US06037125402,140,6,37,1965,56,30,26,1909,147,1762,0,125402
14000US06037125501,140,6,37,1522,32,11,21,1490,172,1318,0,125501
14000US06037125502,140,6,37,1646,55,33,22,1591,237,1354,0,125502
14000US06037125600,140,6,37,1200,12,4,8,1188,49,1139,0,125600
14000US06037127102,140,6,37,1527,368,236,132,1159,158,1001,0,127102
14000US06037127103,140,6,37,1064,62,36,26,1002,239,763,0,127103
14000US06037127104,140,6,37,1204,96,56,40,1108,263,845,0,127104
14000US06037127210,140,6,37,1818,151,112,39,1667,289,1378,0,127210
14000US06037127220,140,6,37,1654,135,70,65,1519,420,1099,0,127220
14000US06037127300,140,6,37,1605,99,89,10,1506,266,1240,0,127300
14000US06037127400,140,6,37,1770,224,138,86,1546,320,1226,0,127400
14000US06037127520,140,6,37,1118,194,99,95,924,270,654,0,127520
14000US06037127603,140,6,37,856,125,70,55,731,136,595,0,127603
14000US06037127604,140,6,37,1118,54,9,45,1064,364,700,0,127604
14000US06037127605,140,6,37,1093,16,0,16,1077,292,785,0,127605
14000US06037127606,140,6,37,1137,112,62,50,1025,92,933,0,127606
14000US06037127711,140,6,37,1133,72,26,46,1061,115,946,0,127711
14000US06037127712,140,6,37,1137,84,75,9,1053,307,746,0,127712
14000US06037127803,140,6,37,1300,146,65,81,1154,223,931,0,127803
14000US06037127804,140,6,37,1472,39,31,8,1433,222,1211,0,127804
14000US06037127805,140,6,37,1094,30,22,8,1064,223,841,0,127805
14000US06037127806,140,6,37,1206,83,60,23,1123,276,847,0,127806
14000US06037127910,140,6,37,1394,222,112,110,1172,272,900,0,127910
14000US06037127920,140,6,37,1198,178,99,79,1020,166,854,0,127920
14000US06037128101,140,6,37,1244,78,31,47,1166,160,1006,0,128101
14000US06037128102,140,6,37,1339,207,114,93,1132,295,837,0,128102
14000US06037128210,140,6,37,1438,221,89,132,1217,413,804,0,128210
14000US06037128220,140,6,37,1133,123,89,34,1010,132,878,0,128220
14000US06037128302,140,6,37,1436,180,90,90,1256,413,843,0,128302
14000US06037128303,140,6,37,1040,251,179,72,789,202,587,0,128303
14000US06037128400,140,6,37,1739,75,19,56,1664,126,1538,0,128400
14000US06037128500,140,6,37,1931,49,0,49,1882,280,1602,0,128500
14000US06037128601,140,6,37,1611,275,213,62,1336,205,1131,0,128601
14000US06037128602,140,6,37,1310,64,28,36,1246,52,1194,0,128602
14000US06037128702,140,6,37,2647,30,8,22,2617,323,2294,0,128702
14000US06037128801,140,6,37,1828,111,46,65,1717,184,1533,0,128801
14000US06037128802,140,6,37,2107,69,26,43,2038,141,1897,0,128802
14000US06037128910,140,6,37,1717,56,46,10,1661,97,1564,0,128910
14000US06037131010,140,6,37,1944,305,148,157,1639,308,1331,0,131010
14000US06037131020,140,6,37,1542,119,57,62,1423,233,1190,0,131020
14000US06037131100,140,6,37,1044,45,0,45,999,114,885,0,131100
14000US06037131200,140,6,37,1162,23,13,10,1139,127,1012,0,131200
14000US06037131300,140,6,37,1130,66,11,55,1064,77,987,0,131300
14000US06037131400,140,6,37,1840,68,1,67,1772,223,1549,0,131400
14000US06037131600,140,6,37,1458,71,0,71,1387,129,1258,0,131600
14000US06037131701,140,6,37,1639,105,52,53,1534,356,1178,0,131701
14000US06037131702,140,6,37,1109,62,42,20,1047,156,891,0,131702
14000US06037131800,140,6,37,1568,207,108,99,1361,143,1218,0,131800
14000US06037131900,140,6,37,1369,20,10,10,1349,190,1159,0,131900
14000US06037132001,140,6,37,1167,15,0,15,1152,98,1054,0,132001
14000US06037132002,140,6,37,1042,31,19,12,1011,49,962,0,132002
14000US06037132101,140,6,37,1530,38,33,5,1492,173,1319,0,132101
14000US06037132102,140,6,37,2003,199,117,82,1804,279,1525,0,132102
14000US06037132300,140,6,37,2375,323,142,181,2052,580,1472,0,132300
14000US06037132501,140,6,37,1013,87,12,75,926,160,766,0,132501
14000US06037132502,140,6,37,1209,89,16,73,1120,227,893,0,132502
14000US06037132700,140,6,37,1478,169,104,65,1309,295,1014,0,132700
14000US06037132900,140,6,37,1297,38,29,9,1259,89,1170,0,132900
14000US06037133000,140,6,37,1209,45,11,34,1164,43,1121,0,133000
14000US06037133100,140,6,37,1942,80,13,67,1862,264,1598,0,133100
14000US06037134001,140,6,37,923,51,8,43,872,172,700,0,134001
14000US06037134002,140,6,37,1019,129,94,35,890,85,805,0,134002
14000US06037134101,140,6,37,1514,104,0,104,1410,274,1136,0,134101
14000US06037134103,140,6,37,1284,60,53,7,1224,156,1068,0,134103
14000US06037134104,140,6,37,1279,109,62,47,1170,140,1030,0,134104
14000US06037134201,140,6,37,1176,36,0,36,1140,133,1007,0,134201
14000US06037134302,140,6,37,1186,23,0,23,1163,24,1139,0,134302
14000US06037134303,140,6,37,1705,55,44,11,1650,126,1524,0,134303
14000US06037134304,140,6,37,897,34,27,7,863,123,740,0,134304
14000US06037134305,140,6,37,1072,257,217,40,815,190,625,0,134305
14000US06037134306,140,6,37,1124,105,33,72,1019,207,812,0,134306
14000US06037134421,140,6,37,1340,0,0,0,1340,71,1269,0,134421
14000US06037134422,140,6,37,1558,12,0,12,1546,142,1404,0,134422
14000US06037134423,140,6,37,1284,0,0,0,1284,114,1170,0,134423
14000US06037134424,140,6,37,970,3,3,0,967,0,967,0,134424
14000US06037134520,140,6,37,1727,240,111,129,1487,324,1163,0,134520
14000US06037134521,140,6,37,688,89,49,40,599,73,526,0,134521
14000US06037134522,140,6,37,1249,55,37,18,1194,211,983,0,134522
14000US06037134710,140,6,37,1624,265,180,85,1359,281,1078,0,134710
14000US06037134720,140,6,37,1535,81,28,53,1454,220,1234,0,134720
14000US06037134800,140,6,37,1850,78,12,66,1772,216,1556,0,134800
14000US06037134901,140,6,37,1092,46,32,14,1046,168,878,0,134901
14000US06037134903,140,6,37,2076,0,0,0,2076,182,1894,0,134903
14000US06037134904,140,6,37,1465,67,67,0,1398,142,1256,0,134904
14000US06037134905,140,6,37,1455,0,0,0,1455,111,1344,0,134905
14000US06037135102,140,6,37,1259,31,31,0,1228,145,1083,0,135102
14000US06037135111,140,6,37,1103,67,43,24,1036,40,996,0,135111
14000US06037135113,140,6,37,1295,32,0,32,1263,134,1129,0,135113
14000US06037135114,140,6,37,2415,26,0,26,2389,445,1944,0,135114
14000US06037135201,140,6,37,883,31,7,24,852,27,825,0,135201
14000US06037135202,140,6,37,1505,21,8,13,1484,105,1379,0,135202
14000US06037135203,140,6,37,2526,31,31,0,2495,246,2249,0,135203
14000US06037137000,140,6,37,1711,49,26,23,1662,62,1600,0,137000
14000US06037137103,140,6,37,2140,58,34,24,2082,122,1960,0,137103
14000US06037137104,140,6,37,1066,30,30,0,1036,22,1014,0,137104
14000US06037137201,140,6,37,2291,13,0,13,2278,242,2036,0,137201
14000US06037137301,140,6,37,731,8,0,8,723,34,689,0,137301
14000US06037137302,140,6,37,1609,9,0,9,1600,81,1519,0,137302
14000US06037137401,140,6,37,1614,8,0,8,1606,139,1467,0,137401
14000US06037137402,140,6,37,2000,47,0,47,1953,181,1772,0,137402
14000US06037137501,140,6,37,1588,19,0,19,1569,219,1350,0,137501
14000US06037137502,140,6,37,1685,26,0,26,1659,73,1586,0,137502
14000US06037137504,140,6,37,622,0,0,0,622,33,589,0,137504
14000US06037138000,140,6,37,1835,0,0,0,1835,113,1722,0,138000
14000US06037139001,140,6,37,2001,96,71,25,1905,225,1680,0,139001
14000US06037139200,140,6,37,2201,72,72,0,2129,182,1947,0,139200
14000US06037139301,140,6,37,1539,80,26,54,1459,112,1347,0,139301
14000US06037139302,140,6,37,1884,112,78,34,1772,178,1594,0,139302
14000US06037139303,140,6,37,1860,162,43,119,1698,301,1397,0,139303
14000US06037139401,140,6,37,1187,58,36,22,1129,116,1013,0,139401
14000US06037139402,140,6,37,963,7,0,7,956,126,830,0,139402
14000US06037139502,140,6,37,1203,13,13,0,1190,136,1054,0,139502
14000US06037139503,140,6,37,2620,45,45,0,2575,437,2138,0,139503
14000US06037139504,140,6,37,1788,111,57,54,1677,210,1467,0,139504
14000US06037139600,140,6,37,2167,114,14,100,2053,259,1794,0,139600
14000US06037139701,140,6,37,1948,0,0,0,1948,140,1808,0,139701
14000US06037139702,140,6,37,2288,11,0,11,2277,154,2123,0,139702
14000US06037139703,140,6,37,1004,0,0,0,1004,114,890,0,139703
14000US06037139801,140,6,37,1195,0,0,0,1195,48,1147,0,139801
14000US06037139802,140,6,37,1335,24,24,0,1311,52,1259,0,139802
14000US06037141101,140,6,37,2241,45,0,45,2196,142,2054,0,141101
14000US06037141102,140,6,37,1353,59,41,18,1294,43,1251,0,141102
14000US06037141201,140,6,37,1889,39,27,12,1850,187,1663,0,141201
14000US06037141202,140,6,37,1294,0,0,0,1294,97,1197,0,141202
14000US06037141302,140,6,37,2898,0,0,0,2898,352,2546,0,141302
14000US06037141303,140,6,37,1767,0,0,0,1767,302,1465,0,141303
14000US06037141304,140,6,37,1498,18,0,18,1480,124,1356,0,141304
14000US06037141400,140,6,37,1980,14,14,0,1966,171,1795,0,141400
14000US06037141500,140,6,37,1116,10,0,10,1106,79,1027,0,141500
14000US06037141600,140,6,37,1602,39,10,29,1563,50,1513,0,141600
14000US06037141700,140,6,37,1273,0,0,0,1273,33,1240,0,141700
14000US06037143100,140,6,37,2107,38,0,38,2069,153,1916,0,143100
14000US06037143200,140,6,37,1966,0,0,0,1966,151,1815,0,143200
14000US06037143300,140,6,37,2979,9,0,9,2970,212,2758,0,143300
14000US06037143400,140,6,37,2904,0,0,0,2904,242,2662,0,143400
14000US06037143500,140,6,37,2079,13,13,0,2066,190,1876,0,143500
14000US06037143602,140,6,37,2003,15,15,0,1988,187,1801,0,143602
14000US06037143603,140,6,37,1275,0,0,0,1275,108,1167,0,143603
14000US06037143604,140,6,37,1937,7,0,7,1930,126,1804,0,143604
14000US06037143700,140,6,37,1861,7,0,7,1854,61,1793,0,143700
14000US06037143800,140,6,37,2316,0,0,0,2316,129,2187,0,143800
14000US06037143901,140,6,37,1660,0,0,0,1660,61,1599,0,143901
14000US06037143902,140,6,37,1378,0,0,0,1378,38,1340,0,143902
14000US06037181000,140,6,37,2243,11,0,11,2232,129,2103,0,181000
14000US06037181300,140,6,37,1343,0,0,0,1343,84,1259,0,181300
14000US06037181400,140,6,37,1617,100,52,48,1517,116,1401,0,181400
14000US06037181500,140,6,37,1214,40,7,33,1174,79,1095,0,181500
14000US06037181600,140,6,37,1002,51,28,23,951,70,881,0,181600
14000US06037183101,140,6,37,1287,73,23,50,1214,82,1132,0,183101
14000US06037183103,140,6,37,1381,68,43,25,1313,181,1132,0,183103
14000US06037183104,140,6,37,747,8,4,4,739,50,689,0,183104
14000US06037183220,140,6,37,1160,150,107,43,1010,126,884,0,183220
14000US06037183221,140,6,37,1026,64,42,22,962,110,852,0,183221
14000US06037183222,140,6,37,1252,61,50,11,1191,221,970,0,183222
14000US06037183300,140,6,37,1036,95,52,43,941,184,757,0,183300
14000US06037183401,140,6,37,805,18,18,0,787,84,703,0,183401
14000US06037183402,140,6,37,893,47,37,10,846,153,693,0,183402
14000US06037183510,140,6,37,743,34,34,0,709,39,670,0,183510
14000US06037183520,140,6,37,998,157,85,72,841,86,755,0,183520
14000US06037183610,140,6,37,917,91,58,33,826,148,678,0,183610
14000US06037183620,140,6,37,935,149,95,54,786,78,708,0,183620
14000US06037183701,140,6,37,1240,197,156,41,1043,132,911,0,183701
14000US06037183702,140,6,37,1108,31,9,22,1077,111,966,0,183702
14000US06037183810,140,6,37,1246,303,197,106,943,167,776,0,183810
14000US06037183820,140,6,37,957,187,79,108,770,245,525,0,183820
14000US06037185100,140,6,37,2124,173,84,89,1951,234,1717,0,185100
14000US06037185202,140,6,37,1332,177,144,33,1155,196,959,0,185202
14000US06037185203,140,6,37,936,74,23,51,862,109,753,0,185203
14000US06037185204,140,6,37,654,36,21,15,618,95,523,0,185204
14000US06037185310,140,6,37,777,124,78,46,653,157,496,0,185310
14000US06037185320,140,6,37,883,120,76,44,763,178,585,0,185320
14000US06037186100,140,6,37,1660,80,60,20,1580,183,1397,0,186100
14000US06037186201,140,6,37,1099,43,43,0,1056,139,917,0,186201
14000US06037186202,140,6,37,718,24,24,0,694,48,646,0,186202
14000US06037186203,140,6,37,1079,81,31,50,998,209,789,0,186203
14000US06037186301,140,6,37,857,148,76,72,709,81,628,0,186301
14000US06037186302,140,6,37,1620,154,67,87,1466,127,1339,0,186302
14000US06037186401,140,6,37,999,177,90,87,822,200,622,0,186401
14000US06037186403,140,6,37,828,82,60,22,746,43,703,0,186403
14000US06037186404,140,6,37,683,78,53,25,605,131,474,0,186404
14000US06037187101,140,6,37,1249,147,78,69,1102,76,1026,0,187101
14000US06037187102,140,6,37,1105,12,0,12,1093,54,1039,0,187102
14000US06037187200,140,6,37,912,133,45,88,779,169,610,0,187200
14000US06037187300,140,6,37,1470,34,11,23,1436,68,1368,0,187300
14000US06037188100,140,6,37,1695,70,56,14,1625,327,1298,0,188100
14000US06037188201,140,6,37,1904,6,0,6,1898,187,1711,0,188201
14000US06037188202,140,6,37,1178,3,0,3,1175,142,1033,0,188202
14000US06037188300,140,6,37,1385,51,9,42,1334,168,1166,0,188300
14000US06037189101,140,6,37,1470,14,0,14,1456,210,1246,0,189101
14000US06037189102,140,6,37,1709,50,16,34,1659,163,1496,0,189102
14000US06037189201,140,6,37,1930,68,32,36,1862,294,1568,0,189201
14000US06037189202,140,6,37,1243,8,0,8,1235,44,1191,0,189202
14000US06037189300,140,6,37,1412,14,14,0,1398,73,1325,0,189300
14000US06037189400,140,6,37,1808,8,0,8,1800,217,1583,0,189400
14000US06037189500,140,6,37,2815,45,26,19,2770,250,2520,0,189500
14000US06037189600,140,6,37,2101,60,10,50,2041,192,1849,0,189600
14000US06037189701,140,6,37,2025,12,0,12,2013,414,1599,0,189701
14000US06037189702,140,6,37,1348,0,0,0,1348,116,1232,0,189702
14000US06037189800,140,6,37,2450,14,14,0,2436,425,2011,0,189800
14000US06037189902,140,6,37,3210,45,11,34,3165,527,2638,0,189902
14000US06037189903,140,6,37,1379,11,0,11,1368,237,1131,0,189903
14000US06037189904,140,6,37,1531,46,46,0,1485,255,1230,0,189904
14000US06037189905,140,6,37,1463,23,23,0,1440,210,1230,0,189905
14000US06037190100,140,6,37,2654,90,48,42,2564,547,2017,0,190100
14000US06037190201,140,6,37,1455,92,46,46,1363,576,787,0,190201
14000US06037190202,140,6,37,2073,51,51,0,2022,520,1502,0,190202
14000US06037190301,140,6,37,2326,69,27,42,2257,471,1786,0,190301
14000US06037190401,140,6,37,1763,73,59,14,1690,403,1287,0,190401
14000US06037190402,140,6,37,1272,87,70,17,1185,442,743,0,190402
14000US06037190510,140,6,37,1687,209,159,50,1478,325,1153,0,190510
14000US06037190520,140,6,37,1568,196,166,30,1372,382,990,0,190520
14000US06037190700,140,6,37,1773,87,47,40,1686,572,1114,0,190700
14000US06037190801,140,6,37,1339,81,70,11,1258,534,724,0,190801
14000US06037190802,140,6,37,1396,101,89,12,1295,280,1015,0,190802
14000US06037190901,140,6,37,1411,210,131,79,1201,280,921,0,190901
14000US06037190902,140,6,37,1603,177,126,51,1426,352,1074,0,190902
14000US06037191000,140,6,37,1657,118,118,0,1539,275,1264,0,191000
14000US06037191110,140,6,37,1095,124,92,32,971,292,679,0,191110
14000US06037191120,140,6,37,1558,111,87,24,1447,368,1079,0,191120
14000US06037191201,140,6,37,1661,103,37,66,1558,493,1065,0,191201
14000US06037191203,140,6,37,1190,164,125,39,1026,177,849,0,191203
14000US06037191204,140,6,37,781,57,30,27,724,168,556,0,191204
14000US06037191301,140,6,37,965,109,31,78,856,219,637,0,191301
14000US06037191302,140,6,37,961,106,19,87,855,164,691,0,191302
14000US06037191410,140,6,37,1649,186,114,72,1463,362,1101,0,191410
14000US06037191420,140,6,37,1166,214,137,77,952,217,735,0,191420
14000US06037191500,140,6,37,1655,321,194,127,1334,316,1018,0,191500
14000US06037191610,140,6,37,1407,143,82,61,1264,167,1097,0,191610
14000US06037191620,140,6,37,1053,114,45,69,939,282,657,0,191620
14000US06037191710,140,6,37,1256,99,37,62,1157,395,762,0,191710
14000US06037191720,140,6,37,1319,102,55,47,1217,382,835,0,191720
14000US06037191810,140,6,37,1364,135,93,42,1229,333,896,0,191810
14000US06037191820,140,6,37,1181,72,51,21,1109,169,940,0,191820
14000US06037191901,140,6,37,1835,33,18,15,1802,438,1364,0,191901
14000US06037191902,140,6,37,1420,18,5,13,1402,137,1265,0,191902
14000US06037192001,140,6,37,1215,0,0,0,1215,182,1033,0,192001
14000US06037192002,140,6,37,1361,22,12,10,1339,129,1210,0,192002
14000US06037192300,140,6,37,1608,0,0,0,1608,126,1482,0,192300
14000US06037192410,140,6,37,1720,45,8,37,1675,219,1456,0,192410
14000US06037192420,140,6,37,1336,17,17,0,1319,214,1105,0,192420
14000US06037192510,140,6,37,1204,107,31,76,1097,189,908,0,192510
14000US06037192520,140,6,37,1555,122,57,65,1433,419,1014,0,192520
14000US06037192610,140,6,37,1457,166,74,92,1291,295,996,0,192610
14000US06037192620,140,6,37,1283,198,87,111,1085,247,838,0,192620
14000US06037192700,140,6,37,1040,81,52,29,959,310,649,0,192700
14000US06037194101,140,6,37,1661,54,54,0,1607,155,1452,0,194101
14000US06037194102,140,6,37,1539,0,0,0,1539,76,1463,0,194102
14000US06037194200,140,6,37,1720,0,0,0,1720,114,1606,0,194200
14000US06037194300,140,6,37,1490,11,11,0,1479,65,1414,0,194300
14000US06037194401,140,6,37,1287,8,0,8,1279,95,1184,0,194401
14000US06037194402,140,6,37,2026,9,0,9,2017,292,1725,0,194402
14000US06037194500,140,6,37,996,15,10,5,981,99,882,0,194500
14000US06037195100,140,6,37,2083,15,0,15,2068,215,1853,0,195100
14000US06037195201,140,6,37,1537,9,0,9,1528,139,1389,0,195201
14000US06037195202,140,6,37,1466,31,0,31,1435,49,1386,0,195202
14000US06037195300,140,6,37,1520,70,22,48,1450,298,1152,0,195300
14000US06037195400,140,6,37,2252,24,16,8,2228,339,1889,0,195400
14000US06037195500,140,6,37,2247,98,15,83,2149,313,1836,0,195500
14000US06037195600,140,6,37,1214,155,99,56,1059,180,879,0,195600
14000US06037195710,140,6,37,1347,207,135,72,1140,173,967,0,195710
14000US06037195720,140,6,37,833,87,58,29,746,118,628,0,195720
14000US06037195802,140,6,37,927,142,77,65,785,115,670,0,195802
14000US06037195803,140,6,37,1171,53,53,0,1118,204,914,0,195803
14000US06037195804,140,6,37,1085,103,71,32,982,123,859,0,195804
14000US06037195901,140,6,37,1127,34,27,7,1093,203,890,0,195901
14000US06037195902,140,6,37,1004,24,24,0,980,175,805,0,195902
14000US06037195903,140,6,37,987,69,49,20,918,195,723,0,195903
14000US06037197200,140,6,37,1137,79,26,53,1058,207,851,0,197200
14000US06037197300,140,6,37,1797,113,19,94,1684,244,1440,0,197300
14000US06037197410,140,6,37,1660,40,31,9,1620,213,1407,0,197410
14000US06037197420,140,6,37,1270,68,17,51,1202,233,969,0,197420
14000US06037197500,140,6,37,1528,97,34,63,1431,216,1215,0,197500
14000US06037197600,140,6,37,941,73,30,43,868,73,795,0,197600
14000US06037197700,140,6,37,1703,232,153,79,1471,431,1040,0,197700
14000US06037199000,140,6,37,1526,322,213,109,1204,335,869,0,199000
14000US06037199110,140,6,37,747,66,20,46,681,97,584,0,199110
14000US06037199120,140,6,37,1031,315,219,96,716,256,460,0,199120
14000US06037199201,140,6,37,1159,175,129,46,984,199,785,0,199201
14000US06037199202,140,6,37,832,109,54,55,723,146,577,0,199202
14000US06037199300,140,6,37,1189,154,112,42,1035,114,921,0,199300
14000US06037199400,140,6,37,1313,180,116,64,1133,282,851,0,199400
14000US06037199700,140,6,37,1036,119,99,20,917,249,668,0,199700
14000US06037199800,140,6,37,1538,142,97,45,1396,366,1030,0,199800
14000US06037199900,140,6,37,789,157,62,95,632,229,403,0,199900
14000US06037201110,140,6,37,748,101,30,71,647,90,557,0,201110
14000US06037201120,140,6,37,1292,244,154,90,1048,185,863,0,201120
14000US06037201200,140,6,37,702,104,67,37,598,114,484,0,201200
14000US06037201301,140,6,37,997,173,104,69,824,89,735,0,201301
14000US06037201302,140,6,37,1864,47,7,40,1817,267,1550,0,201302
14000US06037201401,140,6,37,1356,216,138,78,1140,218,922,0,201401
14000US06037201402,140,6,37,1317,188,37,151,1129,166,963,0,201402
14000US06037201501,140,6,37,1502,123,66,57,1379,155,1224,0,201501
14000US06037201503,140,6,37,867,183,96,87,684,131,553,0,201503
14000US06037201504,140,6,37,559,61,14,47,498,62,436,0,201504
14000US06037201601,140,6,37,653,53,43,10,600,78,522,0,201601
14000US06037201602,140,6,37,793,57,17,40,736,49,687,0,201602
14000US06037201700,140,6,37,1301,177,67,110,1124,204,920,0,201700
14000US06037203100,140,6,37,1195,360,283,77,835,269,566,0,203100
14000US06037203200,140,6,37,1232,325,201,124,907,160,747,0,203200
14000US06037203300,140,6,37,477,54,27,27,423,93,330,0,203300
14000US06037203500,140,6,37,896,134,62,72,762,122,640,0,203500
14000US06037203600,140,6,37,1315,254,181,73,1061,265,796,0,203600
14000US06037203710,140,6,37,824,180,98,82,644,163,481,0,203710
14000US06037203720,140,6,37,1037,208,149,59,829,221,608,0,203720
14000US06037203800,140,6,37,1049,181,105,76,868,96,772,0,203800
14000US06037203900,140,6,37,692,102,46,56,590,99,491,0,203900
14000US06037204110,140,6,37,792,120,75,45,672,121,551,0,204110
14000US06037204120,140,6,37,660,86,72,14,574,88,486,0,204120
14000US06037204200,140,6,37,817,156,83,73,661,182,479,0,204200
14000US06037204300,140,6,37,1279,191,122,69,1088,396,692,0,204300
14000US06037204410,140,6,37,590,126,107,19,464,187,277,0,204410
14000US06037204420,140,6,37,844,190,140,50,654,212,442,0,204420
14000US06037204600,140,6,37,1039,123,77,46,916,202,714,0,204600
14000US06037204700,140,6,37,1122,149,44,105,973,280,693,0,204700
14000US06037204810,140,6,37,1072,102,55,47,970,237,733,0,204810
14000US06037204820,140,6,37,537,116,50,66,421,66,355,0,204820
14000US06037204910,140,6,37,740,112,72,40,628,166,462,0,204910
14000US06037204920,140,6,37,603,37,0,37,566,148,418,0,204920
14000US06037205110,140,6,37,809,204,123,81,605,213,392,0,205110
14000US06037205120,140,6,37,916,124,86,38,792,324,468,0,205120
14000US06037206010,140,6,37,952,94,65,29,858,407,451,0,206010
14000US06037206020,140,6,37,218,0,0,0,218,10,208,0,206020
14000US06037206031,140,6,37,1631,70,15,55,1561,296,1265,0,206031
14000US06037206032,140,6,37,1572,296,156,140,1276,363,913,0,206032
14000US06037206050,140,6,37,756,187,157,30,569,197,372,0,206050
14000US06037206200,140,6,37,1578,252,207,45,1326,462,864,0,206200
14000US06037206300,140,6,37,2117,591,542,49,1526,956,570,0,206300
14000US06037207101,140,6,37,1267,27,9,18,1240,554,686,0,207101
14000US06037207102,140,6,37,938,36,30,6,902,572,330,0,207102
14000US06037207103,140,6,37,805,92,92,0,713,223,490,0,207103
14000US06037207301,140,6,37,3295,470,457,13,2825,801,2024,0,207301
14000US06037207302,140,6,37,2536,223,121,102,2313,452,1861,0,207302
14000US06037207400,140,6,37,18,0,0,0,18,18,0,0,207400
14000US06037207501,140,6,37,1339,16,0,16,1323,107,1216,0,207501
14000US06037207502,140,6,37,1709,7,7,0,1702,635,1067,0,207502
14000US06037207710,140,6,37,1727,79,60,19,1648,316,1332,0,207710
14000US06037207900,140,6,37,2141,49,49,0,2092,502,1590,0,207900
14000US06037208000,140,6,37,2289,320,214,106,1969,452,1517,0,208000
14000US06037208301,140,6,37,517,86,66,20,431,176,255,0,208301
14000US06037208302,140,6,37,1587,398,266,132,1189,282,907,0,208302
14000US06037208401,140,6,37,1461,147,74,73,1314,464,850,0,208401
14000US06037208402,140,6,37,859,151,97,54,708,117,591,0,208402
14000US06037208501,140,6,37,829,110,61,49,719,109,610,0,208501
14000US06037208502,140,6,37,1227,132,118,14,1095,258,837,0,208502
14000US06037208610,140,6,37,1318,125,65,60,1193,233,960,0,208610
14000US06037208620,140,6,37,1721,192,140,52,1529,256,1273,0,208620
14000US06037208710,140,6,37,1781,151,102,49,1630,340,1290,0,208710
14000US06037208720,140,6,37,1510,246,181,65,1264,442,822,0,208720
14000US06037208801,140,6,37,1227,102,102,0,1125,382,743,0,208801
14000US06037208802,140,6,37,1323,27,0,27,1296,333,963,0,208802
14000US06037208902,140,6,37,557,41,35,6,516,249,267,0,208902
14000US06037208903,140,6,37,1145,132,78,54,1013,289,724,0,208903
14000US06037208904,140,6,37,1218,178,138,40,1040,561,479,0,208904
14000US06037209102,140,6,37,1816,256,203,53,1560,701,859,0,209102
14000US06037209103,140,6,37,985,125,106,19,860,446,414,0,209103
14000US06037209104,140,6,37,852,80,61,19,772,349,423,0,209104
14000US06037209200,140,6,37,1233,58,19,39,1175,388,787,0,209200
14000US06037209300,140,6,37,1898,258,174,84,1640,653,987,0,209300
14000US06037209401,140,6,37,1324,141,44,97,1183,474,709,0,209401
14000US06037209402,140,6,37,1146,106,57,49,1040,374,666,0,209402
14000US06037209403,140,6,37,1293,84,66,18,1209,663,546,0,209403
14000US06037209510,140,6,37,934,98,47,51,836,218,618,0,209510
14000US06037209520,140,6,37,869,81,81,0,788,212,576,0,209520
14000US06037209810,140,6,37,675,74,59,15,601,190,411,0,209810
14000US06037209820,140,6,37,760,91,65,26,669,288,381,0,209820
14000US06037210010,140,6,37,1212,268,167,101,944,333,611,0,210010
14000US06037211000,140,6,37,1662,12,12,0,1650,125,1525,0,211000
14000US06037211120,140,6,37,2550,44,21,23,2506,313,2193,0,211120
14000US06037211121,140,6,37,907,74,74,0,833,134,699,0,211121
14000US06037211122,140,6,37,1189,51,33,18,1138,267,871,0,211122
14000US06037211201,140,6,37,906,122,89,33,784,182,602,0,211201
14000US06037211202,140,6,37,922,139,110,29,783,101,682,0,211202
14000US06037211310,140,6,37,1313,158,61,97,1155,352,803,0,211310
14000US06037211320,140,6,37,1198,129,38,91,1069,333,736,0,211320
14000US06037211410,140,6,37,1141,84,29,55,1057,189,868,0,211410
14000US06037211420,140,6,37,1277,145,121,24,1132,194,938,0,211420
14000US06037211500,140,6,37,1841,109,45,64,1732,196,1536,0,211500
14000US06037211701,140,6,37,1129,31,19,12,1098,52,1046,0,211701
14000US06037211703,140,6,37,1998,81,10,71,1917,279,1638,0,211703
14000US06037211704,140,6,37,1580,60,28,32,1520,321,1199,0,211704
14000US06037211802,140,6,37,2164,88,58,30,2076,345,1731,0,211802
14000US06037211803,140,6,37,1634,52,34,18,1582,278,1304,0,211803
14000US06037211804,140,6,37,1320,80,80,0,1240,207,1033,0,211804
14000US06037211910,140,6,37,1709,65,58,7,1644,285,1359,0,211910
14000US06037211921,140,6,37,995,32,14,18,963,211,752,0,211921
14000US06037211922,140,6,37,1346,129,67,62,1217,154,1063,0,211922
14000US06037212101,140,6,37,1184,37,22,15,1147,279,868,0,212101
14000US06037212102,140,6,37,1287,35,35,0,1252,410,842,0,212102
14000US06037212202,140,6,37,1147,81,73,8,1066,369,697,0,212202
14000US06037212203,140,6,37,1076,86,0,86,990,338,652,0,212203
14000US06037212204,140,6,37,1204,126,126,0,1078,313,765,0,212204
14000US06037212303,140,6,37,1174,133,104,29,1041,210,831,0,212303
14000US06037212304,140,6,37,804,67,44,23,737,166,571,0,212304
14000US06037212305,140,6,37,1019,147,84,63,872,212,660,0,212305
14000US06037212306,140,6,37,1160,66,16,50,1094,253,841,0,212306
14000US06037212410,140,6,37,1593,75,57,18,1518,477,1041,0,212410
14000US06037212420,140,6,37,1247,88,52,36,1159,353,806,0,212420
14000US06037212501,140,6,37,949,57,15,42,892,138,754,0,212501
14000US06037212502,140,6,37,1230,65,34,31,1165,140,1025,0,212502
14000US06037212610,140,6,37,1820,27,5,22,1793,373,1420,0,212610
14000US06037212620,140,6,37,1743,113,69,44,1630,308,1322,0,212620
14000US06037212701,140,6,37,763,15,4,11,748,93,655,0,212701
14000US06037212702,140,6,37,1492,7,0,7,1485,96,1389,0,212702
14000US06037212800,140,6,37,1335,179,120,59,1156,224,932,0,212800
14000US06037212900,140,6,37,1491,227,188,39,1264,261,1003,0,212900
14000US06037213100,140,6,37,958,111,58,53,847,141,706,0,213100
14000US06037213201,140,6,37,1475,75,62,13,1400,385,1015,0,213201
14000US06037213202,140,6,37,1296,110,41,69,1186,358,828,0,213202
14000US06037213310,140,6,37,1142,123,84,39,1019,204,815,0,213310
14000US06037213320,140,6,37,921,70,37,33,851,280,571,0,213320
14000US06037213401,140,6,37,1745,122,64,58,1623,277,1346,0,213401
14000US06037213402,140,6,37,1515,85,50,35,1430,309,1121,0,213402
14000US06037214000,140,6,37,1389,23,0,23,1366,104,1262,0,214000
14000US06037214100,140,6,37,1672,0,0,0,1672,101,1571,0,214100
14000US06037214400,140,6,37,1641,31,23,8,1610,261,1349,0,214400
14000US06037214501,140,6,37,1525,10,10,0,1515,232,1283,0,214501
14000US06037214502,140,6,37,2479,37,37,0,2442,587,1855,0,214502
14000US06037214503,140,6,37,1522,7,0,7,1515,195,1320,0,214503
14000US06037214600,140,6,37,1310,15,9,6,1295,109,1186,0,214600
14000US06037214700,140,6,37,1223,0,0,0,1223,63,1160,0,214700
14000US06037214800,140,6,37,1352,54,0,54,1298,134,1164,0,214800
14000US06037214901,140,6,37,2038,0,0,0,2038,309,1729,0,214901
14000US06037214902,140,6,37,1519,10,10,0,1509,143,1366,0,214902
14000US06037215101,140,6,37,1542,51,5,46,1491,172,1319,0,215101
14000US06037215102,140,6,37,2033,14,0,14,2019,302,1717,0,215102
14000US06037216100,140,6,37,986,18,18,0,968,53,915,0,216100
14000US06037216200,140,6,37,2556,27,7,20,2529,266,2263,0,216200
14000US06037216300,140,6,37,2461,33,33,0,2428,283,2145,0,216300
14000US06037216401,140,6,37,2121,90,79,11,2031,175,1856,0,216401
14000US06037216402,140,6,37,1421,9,0,9,1412,251,1161,0,216402
14000US06037216700,140,6,37,1640,86,37,49,1554,153,1401,0,216700
14000US06037216800,140,6,37,1533,22,8,14,1511,173,1338,0,216800
14000US06037216900,140,6,37,2534,144,81,63,2390,83,2307,0,216900
14000US06037217001,140,6,37,1034,79,40,39,955,101,854,0,217001
14000US06037217002,140,6,37,2233,13,0,13,2220,287,1933,0,217002
14000US06037217100,140,6,37,2225,188,140,48,2037,163,1874,0,217100
14000US06037217200,140,6,37,1532,18,7,11,1514,220,1294,0,217200
14000US06037218110,140,6,37,1263,119,45,74,1144,166,978,0,218110
14000US06037218120,140,6,37,1438,272,184,88,1166,386,780,0,218120
14000US06037218210,140,6,37,1116,92,54,38,1024,293,731,0,218210
14000US06037218220,140,6,37,1528,85,54,31,1443,308,1135,0,218220
14000US06037218300,140,6,37,2016,231,138,93,1785,359,1426,0,218300
14000US06037218400,140,6,37,1509,129,89,40,1380,382,998,0,218400
14000US06037218500,140,6,37,1048,150,120,30,898,192,706,0,218500
14000US06037218600,140,6,37,1089,180,84,96,909,172,737,0,218600
14000US06037218701,140,6,37,797,121,64,57,676,90,586,0,218701
14000US06037218702,140,6,37,801,101,70,31,700,166,534,0,218702
14000US06037218800,140,6,37,817,120,37,83,697,130,567,0,218800
14000US06037218900,140,6,37,1958,312,176,136,1646,302,1344,0,218900
14000US06037219010,140,6,37,775,195,114,81,580,123,457,0,219010
14000US06037219020,140,6,37,1267,172,57,115,1095,261,834,0,219020
14000US06037219300,140,6,37,1413,178,95,83,1235,304,931,0,219300
14000US06037219500,140,6,37,710,112,0,112,598,53,545,0,219500
14000US06037219700,140,6,37,1405,191,148,43,1214,148,1066,0,219700
14000US06037219800,140,6,37,958,154,127,27,804,164,640,0,219800
14000US06037219901,140,6,37,1385,201,164,37,1184,288,896,0,219901
14000US06037219902,140,6,37,1218,142,49,93,1076,123,953,0,219902
14000US06037220000,140,6,37,2005,234,88,146,1771,388,1383,0,220000
14000US06037220100,140,6,37,1030,150,147,3,880,198,682,0,220100
14000US06037221110,140,6,37,1075,58,58,0,1017,341,676,0,221110
14000US06037221120,140,6,37,823,87,54,33,736,201,535,0,221120
14000US06037221210,140,6,37,895,78,60,18,817,207,610,0,221210
14000US06037221220,140,6,37,1027,126,102,24,901,226,675,0,221220
14000US06037221302,140,6,37,1265,213,87,126,1052,507,545,0,221302
14000US06037221303,140,6,37,750,76,72,4,674,230,444,0,221303
14000US06037221304,140,6,37,1112,212,115,97,900,259,641,0,221304
14000US06037221401,140,6,37,1335,137,111,26,1198,435,763,0,221401
14000US06037221402,140,6,37,948,151,118,33,797,189,608,0,221402
14000US06037221500,140,6,37,1188,276,191,85,912,317,595,0,221500
14000US06037221601,140,6,37,898,162,81,81,736,173,563,0,221601
14000US06037221602,140,6,37,806,231,153,78,575,123,452,0,221602
14000US06037221710,140,6,37,884,145,112,33,739,310,429,0,221710
14000US06037221810,140,6,37,889,61,61,0,828,422,406,0,221810
14000US06037221820,140,6,37,1011,43,36,7,968,545,423,0,221820
14000US06037221900,140,6,37,920,49,45,4,871,554,317,0,221900
14000US06037222001,140,6,37,868,114,91,23,754,158,596,0,222001
14000US06037222002,140,6,37,1220,111,56,55,1109,127,982,0,222002
14000US06037222100,140,6,37,1119,196,131,65,923,126,797,0,222100
14000US06037222200,140,6,37,1156,218,153,65,938,194,744,0,222200
14000US06037222500,140,6,37,1329,192,116,76,1137,301,836,0,222500
14000US06037222600,140,6,37,1469,181,129,52,1288,521,767,0,222600
14000US06037222700,140,6,37,160,0,0,0,160,108,52,0,222700
14000US06037224010,140,6,37,1043,303,225,78,740,273,467,0,224010
14000US06037224020,140,6,37,805,213,146,67,592,131,461,0,224020
14000US06037224200,140,6,37,668,93,48,45,575,158,417,0,224200
14000US06037224310,140,6,37,636,90,48,42,546,165,381,0,224310
14000US06037224320,140,6,37,979,172,156,16,807,384,423,0,224320
14000US06037224410,140,6,37,1059,68,40,28,991,376,615,0,224410
14000US06037224420,140,6,37,717,92,92,0,625,272,353,0,224420
14000US06037224600,140,6,37,820,236,188,48,584,161,423,0,224600
14000US06037224700,140,6,37,889,23,23,0,866,609,257,0,224700
14000US06037226001,140,6,37,477,101,62,39,376,84,292,0,226001
14000US06037226002,140,6,37,787,85,63,22,702,183,519,0,226002
14000US06037226410,140,6,37,793,224,167,57,569,239,330,0,226410
14000US06037226420,140,6,37,1178,284,199,85,894,312,582,0,226420
14000US06037226700,140,6,37,1279,266,150,116,1013,386,627,0,226700
14000US06037227010,140,6,37,995,320,197,123,675,225,450,0,227010
14000US06037227020,140,6,37,664,130,91,39,534,194,340,0,227020
14000US06037228100,140,6,37,976,268,251,17,708,175,533,0,228100
14000US06037228210,140,6,37,871,161,109,52,710,247,463,0,228210
14000US06037228220,140,6,37,904,254,205,49,650,151,499,0,228220
14000US06037228310,140,6,37,857,202,140,62,655,183,472,0,228310
14000US06037228320,140,6,37,720,219,168,51,501,107,394,0,228320
14000US06037228410,140,6,37,715,208,131,77,507,113,394,0,228410
14000US06037228420,140,6,37,683,130,88,42,553,229,324,0,228420
14000US06037228500,140,6,37,1116,253,220,33,863,245,618,0,228500
14000US06037228600,140,6,37,986,331,218,113,655,313,342,0,228600
14000US06037228710,140,6,37,957,297,251,46,660,283,377,0,228710
14000US06037228720,140,6,37,976,166,139,27,810,188,622,0,228720
14000US06037228800,140,6,37,1195,353,239,114,842,280,562,0,228800
14000US06037228900,140,6,37,772,264,250,14,508,170,338,0,228900
14000US06037229100,140,6,37,905,122,77,45,783,215,568,0,229100
14000US06037229200,140,6,37,1104,233,200,33,871,323,548,0,229200
14000US06037229300,140,6,37,1189,350,267,83,839,322,517,0,229300
14000US06037229410,140,6,37,743,148,98,50,595,155,440,0,229410
14000US06037229420,140,6,37,951,245,189,56,706,137,569,0,229420
14000US06037231100,140,6,37,607,163,125,38,444,207,237,0,231100
14000US06037231210,140,6,37,1145,199,172,27,946,324,622,0,231210
14000US06037231220,140,6,37,1161,392,255,137,769,268,501,0,231220
14000US06037231300,140,6,37,1415,335,259,76,1080,248,832,0,231300
14000US06037231400,140,6,37,1369,289,163,126,1080,195,885,0,231400
14000US06037231500,140,6,37,1417,81,50,31,1336,235,1101,0,231500
14000US06037231600,140,6,37,1900,374,298,76,1526,410,1116,0,231600
14000US06037231710,140,6,37,1254,310,233,77,944,338,606,0,231710
14000US06037231720,140,6,37,1391,211,160,51,1180,409,771,0,231720
14000US06037231800,140,6,37,1241,404,381,23,837,324,513,0,231800
14000US06037231900,140,6,37,1325,395,305,90,930,276,654,0,231900
14000US06037232110,140,6,37,791,193,159,34,598,190,408,0,232110
14000US06037232120,140,6,37,1232,365,221,144,867,260,607,0,232120
14000US06037232200,140,6,37,844,92,55,37,752,232,520,0,232200
14000US06037232300,140,6,37,1019,117,104,13,902,215,687,0,232300
14000US06037232400,140,6,37,1863,250,129,121,1613,402,1211,0,232400
14000US06037232500,140,6,37,1460,284,203,81,1176,316,860,0,232500
14000US06037232600,140,6,37,1753,280,148,132,1473,323,1150,0,232600
14000US06037232700,140,6,37,1555,365,196,169,1190,331,859,0,232700
14000US06037232800,140,6,37,913,305,226,79,608,153,455,0,232800
14000US06037234000,140,6,37,2004,336,161,175,1668,213,1455,0,234000
14000US06037234200,140,6,37,1098,64,29,35,1034,172,862,0,234200
14000US06037234300,140,6,37,2251,297,263,34,1954,488,1466,0,234300
14000US06037234501,140,6,37,867,157,70,87,710,136,574,0,234501
14000US06037234502,140,6,37,1021,42,5,37,979,144,835,0,234502
14000US06037234600,140,6,37,1625,239,168,71,1386,218,1168,0,234600
14000US06037234700,140,6,37,1437,141,74,67,1296,308,988,0,234700
14000US06037234800,140,6,37,1070,115,21,94,955,150,805,0,234800
14000US06037234901,140,6,37,1163,267,191,76,896,193,703,0,234901
14000US06037234902,140,6,37,1433,363,190,173,1070,368,702,0,234902
14000US06037235100,140,6,37,1701,120,18,102,1581,180,1401,0,235100
14000US06037235201,140,6,37,930,133,72,61,797,157,640,0,235201
14000US06037235202,140,6,37,1773,267,183,84,1506,409,1097,0,235202
14000US06037236000,140,6,37,2038,48,23,25,1990,57,1933,0,236000
14000US06037236100,140,6,37,2652,451,318,133,2201,562,1639,0,236100
14000US06037236202,140,6,37,2238,538,312,226,1700,674,1026,0,236202
14000US06037236203,140,6,37,1495,313,104,209,1182,174,1008,0,236203
14000US06037236204,140,6,37,1192,216,170,46,976,309,667,0,236204
14000US06037236400,140,6,37,1974,121,29,92,1853,282,1571,0,236400
14000US06037237101,140,6,37,1007,248,140,108,759,164,595,0,237101
14000US06037237102,140,6,37,902,213,145,68,689,212,477,0,237102
14000US06037237201,140,6,37,922,100,32,68,822,223,599,0,237201
14000US06037237202,140,6,37,1302,170,101,69,1132,286,846,0,237202
14000US06037237300,140,6,37,1765,273,178,95,1492,186,1306,0,237300
14000US06037237401,140,6,37,989,128,34,94,861,229,632,0,237401
14000US06037237402,140,6,37,1040,152,95,57,888,208,680,0,237402
14000US06037237500,140,6,37,782,185,138,47,597,106,491,0,237500
14000US06037237600,140,6,37,1122,173,138,35,949,280,669,0,237600
14000US06037237710,140,6,37,980,216,142,74,764,199,565,0,237710
14000US06037237720,140,6,37,795,238,164,74,557,201,356,0,237720
14000US06037237800,140,6,37,1185,244,100,144,941,188,753,0,237800
14000US06037237900,140,6,37,1290,130,45,85,1160,245,915,0,237900
14000US06037238000,140,6,37,2040,241,152,89,1799,262,1537,0,238000
14000US06037238100,140,6,37,1723,271,148,123,1452,204,1248,0,238100
14000US06037238200,140,6,37,2023,313,133,180,1710,260,1450,0,238200
14000US06037238310,140,6,37,1275,409,337,72,866,252,614,0,238310
14000US06037238320,140,6,37,954,253,205,48,701,245,456,0,238320
14000US06037238400,140,6,37,1724,131,41,90,1593,376,1217,0,238400
14000US06037239201,140,6,37,826,211,141,70,615,182,433,0,239201
14000US06037239202,140,6,37,1020,255,148,107,765,162,603,0,239202
14000US06037239310,140,6,37,960,214,141,73,746,203,543,0,239310
14000US06037239320,140,6,37,857,221,160,61,636,178,458,0,239320
14000US06037239330,140,6,37,694,153,85,68,541,94,447,0,239330
14000US06037239501,140,6,37,889,215,191,24,674,146,528,0,239501
14000US06037239502,140,6,37,821,202,145,57,619,192,427,0,239502
14000US06037239601,140,6,37,803,277,189,88,526,206,320,0,239601
14000US06037239602,140,6,37,814,267,171,96,547,202,345,0,239602
14000US06037239701,140,6,37,1014,450,317,133,564,161,403,0,239701
14000US06037239702,140,6,37,1014,286,152,134,728,215,513,0,239702
14000US06037239801,140,6,37,902,276,170,106,626,203,423,0,239801
14000US06037239802,140,6,37,1144,381,232,149,763,145,618,0,239802
14000US06037240010,140,6,37,978,292,202,90,686,274,412,0,240010
14000US06037240020,140,6,37,1263,246,119,127,1017,209,808,0,240020
14000US06037240200,140,6,37,1289,413,222,191,876,262,614,0,240200
14000US06037240300,140,6,37,1418,319,251,68,1099,274,825,0,240300
14000US06037240401,140,6,37,1284,320,135,185,964,249,715,0,240401
14000US06037240402,140,6,37,1074,149,82,67,925,274,651,0,240402
14000US06037240500,140,6,37,1421,418,281,137,1003,274,729,0,240500
14000US06037240600,140,6,37,1206,244,186,58,962,130,832,0,240600
14000US06037240700,140,6,37,1686,489,282,207,1197,303,894,0,240700
14000US06037240800,140,6,37,999,392,292,100,607,150,457,0,240800
14000US06037240900,140,6,37,1256,323,260,63,933,146,787,0,240900
14000US06037241001,140,6,37,1059,356,315,41,703,160,543,0,241001
14000US06037241002,140,6,37,934,176,100,76,758,97,661,0,241002
14000US06037241110,140,6,37,741,110,97,13,631,170,461,0,241110
14000US06037241120,140,6,37,1073,291,208,83,782,293,489,0,241120
14000US06037241201,140,6,37,817,151,78,73,666,145,521,0,241201
14000US06037241202,140,6,37,1440,314,166,148,1126,223,903,0,241202
14000US06037241300,140,6,37,687,177,157,20,510,73,437,0,241300
14000US06037241400,140,6,37,869,176,115,61,693,111,582,0,241400
14000US06037242000,140,6,37,964,175,130,45,789,224,565,0,242000
14000US06037242100,140,6,37,700,402,322,80,298,175,123,0,242100
14000US06037242200,140,6,37,1449,320,193,127,1129,425,704,0,242200
14000US06037242300,140,6,37,1069,362,204,158,707,147,560,0,242300
14000US06037242600,140,6,37,1212,618,546,72,594,236,358,0,242600
14000US06037242700,140,6,37,1135,346,215,131,789,142,647,0,242700
14000US06037243000,140,6,37,1140,339,184,155,801,214,587,0,243000
14000US06037243100,140,6,37,1282,572,390,182,710,216,494,0,243100
14000US06037261101,140,6,37,1476,0,0,0,1476,85,1391,0,261101
14000US06037261102,140,6,37,1681,0,0,0,1681,162,1519,0,261102
14000US06037261200,140,6,37,1668,0,0,0,1668,69,1599,0,261200
14000US06037262100,140,6,37,1221,0,0,0,1221,39,1182,0,262100
14000US06037262200,140,6,37,1769,0,0,0,1769,75,1694,0,262200
14000US06037262301,140,6,37,922,0,0,0,922,5,917,0,262301
14000US06037262302,140,6,37,1201,0,0,0,1201,8,1193,0,262302
14000US06037262303,140,6,37,1141,0,0,0,1141,25,1116,0,262303
14000US06037262400,140,6,37,1246,0,0,0,1246,27,1219,0,262400
14000US06037262501,140,6,37,1350,0,0,0,1350,76,1274,0,262501
14000US06037262601,140,6,37,1403,0,0,0,1403,83,1320,0,262601
14000US06037262604,140,6,37,2517,16,16,0,2501,62,2439,0,262604
14000US06037262704,140,6,37,1472,0,0,0,1472,89,1383,0,262704
14000US06037262706,140,6,37,1302,7,0,7,1295,52,1243,0,262706
14000US06037262802,140,6,37,1532,0,0,0,1532,26,1506,0,262802
14000US06037264000,140,6,37,1259,0,0,0,1259,117,1142,0,264000
14000US06037264102,140,6,37,1654,0,0,0,1654,156,1498,0,264102
14000US06037264103,140,6,37,1427,19,0,19,1408,106,1302,0,264103
14000US06037264301,140,6,37,2869,0,0,0,2869,277,2592,0,264301
14000US06037264302,140,6,37,2906,0,0,0,2906,197,2709,0,264302
14000US06037265100,140,6,37,1378,0,0,0,1378,175,1203,0,265100
14000US06037265201,140,6,37,938,0,0,0,938,169,769,0,265201
14000US06037265202,140,6,37,1955,25,17,8,1930,388,1542,0,265202
14000US06037265301,140,6,37,0,0,0,0,0,0,0,0,265301
14000US06037265303,140,6,37,1514,15,15,0,1499,899,600,0,265303
14000US06037265304,140,6,37,975,0,0,0,975,659,316,0,265304
14000US06037265305,140,6,37,1872,0,0,0,1872,1023,849,0,265305
14000US06037265410,140,6,37,617,6,0,6,611,22,589,0,265410
14000US06037265420,140,6,37,771,6,6,0,765,78,687,0,265420
14000US06037265510,140,6,37,2279,0,0,0,2279,639,1640,0,265510
14000US06037265520,140,6,37,2224,0,0,0,2224,334,1890,0,265520
14000US06037265601,140,6,37,1409,0,0,0,1409,71,1338,0,265601
14000US06037265602,140,6,37,1602,0,0,0,1602,292,1310,0,265602
14000US06037265700,140,6,37,2438,0,0,0,2438,211,2227,0,265700
14000US06037267100,140,6,37,2794,44,0,44,2750,316,2434,0,267100
14000US06037267200,140,6,37,2674,28,0,28,2646,249,2397,0,267200
14000US06037267300,140,6,37,2101,42,42,0,2059,240,1819,0,267300
14000US06037267402,140,6,37,2386,10,0,10,2376,222,2154,0,267402
14000US06037267403,140,6,37,1703,33,21,12,1670,277,1393,0,267403
14000US06037267404,140,6,37,1537,12,0,12,1525,202,1323,0,267404
14000US06037267501,140,6,37,2536,16,16,0,2520,204,2316,0,267501
14000US06037267502,140,6,37,1599,18,0,18,1581,103,1478,0,267502
14000US06037267600,140,6,37,1218,64,28,36,1154,65,1089,0,267600
14000US06037267700,140,6,37,1634,19,5,14,1615,141,1474,0,267700
14000US06037267800,140,6,37,1122,8,0,8,1114,56,1058,0,267800
14000US06037267901,140,6,37,1465,0,0,0,1465,138,1327,0,267901
14000US06037267902,140,6,37,1658,0,0,0,1658,128,1530,0,267902
14000US06037269000,140,6,37,2262,13,0,13,2249,121,2128,0,269000
14000US06037269100,140,6,37,1963,104,76,28,1859,134,1725,0,269100
14000US06037269300,140,6,37,1546,0,0,0,1546,53,1493,0,269300
14000US06037269500,140,6,37,1386,0,0,0,1386,75,1311,0,269500
14000US06037269601,140,6,37,1057,138,87,51,919,102,817,0,269601
14000US06037269602,140,6,37,1121,111,19,92,1010,185,825,0,269602
14000US06037269700,140,6,37,1630,29,24,5,1601,111,1490,0,269700
14000US06037269800,140,6,37,1602,4,0,4,1598,162,1436,0,269800
14000US06037269903,140,6,37,1797,57,40,17,1740,250,1490,0,269903
14000US06037269904,140,6,37,1981,63,43,20,1918,313,1605,0,269904
14000US06037269905,140,6,37,1254,93,31,62,1161,93,1068,0,269905
14000US06037269906,140,6,37,1495,19,0,19,1476,244,1232,0,269906
14000US06037269907,140,6,37,1346,118,47,71,1228,231,997,0,269907
14000US06037270100,140,6,37,2415,89,61,28,2326,342,1984,0,270100
14000US06037270200,140,6,37,1211,0,0,0,1211,200,1011,0,270200
14000US06037270300,140,6,37,958,43,0,43,915,135,780,0,270300
14000US06037271100,140,6,37,958,0,0,0,958,148,810,0,271100
14000US06037271200,140,6,37,1149,14,5,9,1135,184,951,0,271200
14000US06037271300,140,6,37,1942,52,25,27,1890,149,1741,0,271300
14000US06037271400,140,6,37,1356,27,0,27,1329,69,1260,0,271400
14000US06037271500,140,6,37,1322,7,0,7,1315,147,1168,0,271500
14000US06037271600,140,6,37,1955,53,19,34,1902,253,1649,0,271600
14000US06037271701,140,6,37,2709,12,12,0,2697,319,2378,0,271701
14000US06037271702,140,6,37,1823,65,39,26,1758,387,1371,0,271702
14000US06037271801,140,6,37,1721,31,23,8,1690,427,1263,0,271801
14000US06037271802,140,6,37,2754,88,34,54,2666,438,2228,0,271802
14000US06037271901,140,6,37,1278,0,0,0,1278,157,1121,0,271901
14000US06037271902,140,6,37,1779,73,0,73,1706,137,1569,0,271902
14000US06037272100,140,6,37,1743,33,15,18,1710,195,1515,0,272100
14000US06037272201,140,6,37,1141,8,8,0,1133,97,1036,0,272201
14000US06037272202,140,6,37,1543,86,11,75,1457,140,1317,0,272202
14000US06037272301,140,6,37,1323,36,9,27,1287,84,1203,0,272301
14000US06037272302,140,6,37,1977,42,0,42,1935,269,1666,0,272302
14000US06037273100,140,6,37,898,0,0,0,898,84,814,0,273100
14000US06037273200,140,6,37,1559,107,74,33,1452,139,1313,0,273200
14000US06037273300,140,6,37,1604,111,45,66,1493,163,1330,0,273300
14000US06037273402,140,6,37,1987,15,15,0,1972,168,1804,0,273402
14000US06037273502,140,6,37,1834,18,18,0,1816,150,1666,0,273502
14000US06037273600,140,6,37,1140,11,11,0,1129,152,977,0,273600
14000US06037273700,140,6,37,1241,26,0,26,1215,129,1086,0,273700
14000US06037273800,140,6,37,1608,0,0,0,1608,157,1451,0,273800
14000US06037273902,140,6,37,2167,11,11,0,2156,257,1899,0,273902
14000US06037274100,140,6,37,2276,0,0,0,2276,238,2038,0,274100
14000US06037274202,140,6,37,2173,59,42,17,2114,111,2003,0,274202
14000US06037275101,140,6,37,503,29,0,29,474,6,468,0,275101
14000US06037275102,140,6,37,1296,61,0,61,1235,60,1175,0,275102
14000US06037275200,140,6,37,1603,37,23,14,1566,256,1310,0,275200
14000US06037275302,140,6,37,2544,0,0,0,2544,264,2280,0,275302
14000US06037275311,140,6,37,2284,254,0,254,2030,135,1895,0,275311
14000US06037275400,140,6,37,1661,29,8,21,1632,75,1557,0,275400
14000US06037275500,140,6,37,1634,275,250,25,1359,252,1107,0,275500
14000US06037275602,140,6,37,3662,0,0,0,3662,320,3342,0,275602
14000US06037275603,140,6,37,1186,59,46,13,1127,124,1003,0,275603
14000US06037276000,140,6,37,2221,12,0,12,2209,74,2135,0,276000
14000US06037276100,140,6,37,2866,119,71,48,2747,307,2440,0,276100
14000US06037276400,140,6,37,1565,14,8,6,1551,140,1411,0,276400
14000US06037276500,140,6,37,717,9,0,9,708,11,697,0,276500
14000US06037276601,140,6,37,1627,37,29,8,1590,74,1516,0,276601
14000US06037276603,140,6,37,3212,0,0,0,3212,303,2909,0,276603
14000US06037276604,140,6,37,2409,0,0,0,2409,373,2036,0,276604
14000US06037277000,140,6,37,2110,13,0,13,2097,110,1987,0,277000
14000US06037277100,140,6,37,1094,16,10,6,1078,110,968,0,277100
14000US06037277200,140,6,37,1011,43,14,29,968,139,829,0,277200
14000US06037277400,140,6,37,624,104,56,48,520,84,436,0,277400
14000US06037278001,140,6,37,922,35,35,0,887,58,829,0,278001
14000US06037278102,140,6,37,1499,37,0,37,1462,50,1412,0,278102
14000US06037291110,140,6,37,1135,198,80,118,937,222,715,0,291110
14000US06037291120,140,6,37,630,172,95,77,458,106,352,0,291120
14000US06037291130,140,6,37,995,97,63,34,898,148,750,0,291130
14000US06037291210,140,6,37,1449,146,109,37,1303,232,1071,0,291210
14000US06037291220,140,6,37,1029,131,86,45,898,193,705,0,291220
14000US06037291300,140,6,37,957,5,0,5,952,114,838,0,291300
14000US06037292000,140,6,37,1882,256,133,123,1626,360,1266,0,292000
14000US06037293201,140,6,37,2045,201,53,148,1844,165,1679,0,293201
14000US06037293202,140,6,37,1766,356,302,54,1410,243,1167,0,293202
14000US06037293301,140,6,37,1048,16,16,0,1032,62,970,0,293301
14000US06037293302,140,6,37,1596,41,33,8,1555,86,1469,0,293302
14000US06037293304,140,6,37,1444,188,88,100,1256,177,1079,0,293304
14000US06037293306,140,6,37,801,67,29,38,734,29,705,0,293306
14000US06037293307,140,6,37,843,83,12,71,760,101,659,0,293307
14000US06037294110,140,6,37,1063,114,75,39,949,77,872,0,294110
14000US06037294120,140,6,37,528,120,88,32,408,26,382,0,294120
14000US06037294200,140,6,37,1326,72,33,39,1254,144,1110,0,294200
14000US06037294301,140,6,37,675,61,19,42,614,41,573,0,294301
14000US06037294302,140,6,37,1228,137,74,63,1091,231,860,0,294302
14000US06037294410,140,6,37,1598,196,105,91,1402,176,1226,0,294410
14000US06037294421,140,6,37,898,119,22,97,779,143,636,0,294421
14000US06037294510,140,6,37,949,155,115,40,794,154,640,0,294510
14000US06037294520,140,6,37,940,185,95,90,755,212,543,0,294520
14000US06037294610,140,6,37,1153,157,132,25,996,279,717,0,294610
14000US06037294620,140,6,37,1057,168,138,30,889,86,803,0,294620
14000US06037294701,140,6,37,798,199,97,102,599,153,446,0,294701
14000US06037294810,140,6,37,986,276,194,82,710,119,591,0,294810
14000US06037294820,140,6,37,876,233,172,61,643,230,413,0,294820
14000US06037294830,140,6,37,954,206,134,72,748,259,489,0,294830
14000US06037294900,140,6,37,750,182,126,56,568,99,469,0,294900
14000US06037295103,140,6,37,2065,25,25,0,2040,87,1953,0,295103
14000US06037296210,140,6,37,937,198,150,48,739,197,542,0,296210
14000US06037296220,140,6,37,1541,378,207,171,1163,381,782,0,296220
14000US06037296300,140,6,37,1783,39,18,21,1744,139,1605,0,296300
14000US06037296401,140,6,37,1268,14,0,14,1254,130,1124,0,296401
14000US06037296402,140,6,37,1118,62,28,34,1056,60,996,0,296402
14000US06037296500,140,6,37,1273,186,157,29,1087,179,908,0,296500
14000US06037296600,140,6,37,1916,335,254,81,1581,250,1331,0,296600
14000US06037296901,140,6,37,1484,259,96,163,1225,160,1065,0,296901
14000US06037296902,140,6,37,1578,34,26,8,1544,229,1315,0,296902
14000US06037297000,140,6,37,2117,15,15,0,2102,60,2042,0,297000
14000US06037297110,140,6,37,1501,274,161,113,1227,338,889,0,297110
14000US06037297120,140,6,37,1162,161,65,96,1001,154,847,0,297120
14000US06037297201,140,6,37,1275,163,69,94,1112,186,926,0,297201
14000US06037297202,140,6,37,1444,128,49,79,1316,66,1250,0,297202
14000US06037297300,140,6,37,794,11,0,11,783,43,740,0,297300
14000US06037297400,140,6,37,1572,8,8,0,1564,105,1459,0,297400
14000US06037297500,140,6,37,2067,85,0,85,1982,156,1826,0,297500
14000US06037297601,140,6,37,1235,82,35,47,1153,31,1122,0,297601
14000US06037297602,140,6,37,1738,29,0,29,1709,65,1644,0,297602
14000US06037300100,140,6,37,1995,11,11,0,1984,73,1911,0,300100
14000US06037300200,140,6,37,1943,32,0,32,1911,196,1715,0,300200
14000US06037300301,140,6,37,2138,15,0,15,2123,111,2012,0,300301
14000US06037300400,140,6,37,1936,36,0,36,1900,165,1735,0,300400
14000US06037300501,140,6,37,1024,58,31,27,966,52,914,0,300501
14000US06037300502,140,6,37,2521,70,53,17,2451,81,2370,0,300502
14000US06037300600,140,6,37,3333,64,39,25,3269,297,2972,0,300600
14000US06037300701,140,6,37,2125,0,0,0,2125,86,2039,0,300701
14000US06037300702,140,6,37,1951,0,0,0,1951,83,1868,0,300702
14000US06037300800,140,6,37,2649,50,31,19,2599,469,2130,0,300800
14000US06037300901,140,6,37,2173,19,0,19,2154,43,2111,0,300901
14000US06037300902,140,6,37,712,3,0,3,709,92,617,0,300902
14000US06037301000,140,6,37,1900,35,26,9,1865,129,1736,0,301000
14000US06037301100,140,6,37,2615,42,0,42,2573,228,2345,0,301100
14000US06037301203,140,6,37,1863,82,22,60,1781,103,1678,0,301203
14000US06037301204,140,6,37,1961,83,43,40,1878,334,1544,0,301204
14000US06037301205,140,6,37,713,0,0,0,713,17,696,0,301205
14000US06037301206,140,6,37,1848,144,126,18,1704,170,1534,0,301206
14000US06037301300,140,6,37,715,6,0,6,709,4,705,0,301300
14000US06037301400,140,6,37,1303,22,6,16,1281,23,1258,0,301400
14000US06037301501,140,6,37,604,0,0,0,604,54,550,0,301501
14000US06037301502,140,6,37,2510,500,211,289,2010,195,1815,0,301502
14000US06037301601,140,6,37,2335,181,85,96,2154,427,1727,0,301601
14000US06037301602,140,6,37,1561,103,64,39,1458,147,1311,0,301602
14000US06037301701,140,6,37,1075,56,0,56,1019,72,947,0,301701
14000US06037301702,140,6,37,1869,169,60,109,1700,201,1499,0,301702
14000US06037301801,140,6,37,1656,79,31,48,1577,193,1384,0,301801
14000US06037301802,140,6,37,1268,204,119,85,1064,208,856,0,301802
14000US06037301900,140,6,37,3094,147,60,87,2947,434,2513,0,301900
14000US06037302002,140,6,37,1636,103,40,63,1533,310,1223,0,302002
14000US06037302003,140,6,37,1383,148,16,132,1235,289,946,0,302003
14000US06037302004,140,6,37,1639,81,61,20,1558,193,1365,0,302004
14000US06037302102,140,6,37,2549,192,103,89,2357,279,2078,0,302102
14000US06037302103,140,6,37,1907,207,107,100,1700,277,1423,0,302103
14000US06037302104,140,6,37,1466,123,49,74,1343,102,1241,0,302104
14000US06037302201,140,6,37,1552,248,113,135,1304,381,923,0,302201
14000US06037302202,140,6,37,1799,306,181,125,1493,310,1183,0,302202
14000US06037302301,140,6,37,1399,110,58,52,1289,146,1143,0,302301
14000US06037302302,140,6,37,1705,228,140,88,1477,238,1239,0,302302
14000US06037302401,140,6,37,2181,183,125,58,1998,360,1638,0,302401
14000US06037302503,140,6,37,1464,138,105,33,1326,362,964,0,302503
14000US06037302504,140,6,37,1475,258,162,96,1217,236,981,0,302504
14000US06037302505,140,6,37,1343,169,145,24,1174,145,1029,0,302505
14000US06037302506,140,6,37,1349,112,52,60,1237,209,1028,0,302506
14000US06037310100,140,6,37,1960,31,0,31,1929,41,1888,0,310100
14000US06037310201,140,6,37,2074,128,53,75,1946,174,1772,0,310201
14000US06037310202,140,6,37,1735,67,14,53,1668,183,1485,0,310202
14000US06037310300,140,6,37,964,13,6,7,951,52,899,0,310300
14000US06037310400,140,6,37,1292,57,37,20,1235,96,1139,0,310400
14000US06037310501,140,6,37,1131,39,22,17,1092,79,1013,0,310501
14000US06037310601,140,6,37,2303,92,36,56,2211,100,2111,0,310601
14000US06037310602,140,6,37,1076,5,5,0,1071,41,1030,0,310602
14000US06037310701,140,6,37,1133,24,13,11,1109,274,835,0,310701
14000US06037310702,140,6,37,3454,99,42,57,3355,472,2883,0,310702
14000US06037310703,140,6,37,2070,166,116,50,1904,290,1614,0,310703
14000US06037310800,140,6,37,1934,40,0,40,1894,137,1757,0,310800
14000US06037310900,140,6,37,2396,69,18,51,2327,174,2153,0,310900
14000US06037311000,140,6,37,1455,6,0,6,1449,79,1370,0,311000
14000US06037311100,140,6,37,1289,54,35,19,1235,65,1170,0,311100
14000US06037311200,140,6,37,1169,29,29,0,1140,54,1086,0,311200
14000US06037311300,140,6,37,1439,28,8,20,1411,182,1229,0,311300
14000US06037311400,140,6,37,954,10,6,4,944,50,894,0,311400
14000US06037311500,140,6,37,2400,0,0,0,2400,254,2146,0,311500
14000US06037311600,140,6,37,3886,0,0,0,3886,258,3628,0,311600
14000US06037311700,140,6,37,2403,25,12,13,2378,183,2195,0,311700
14000US06037311801,140,6,37,1246,73,24,49,1173,89,1084,0,311801
14000US06037311802,140,6,37,1303,165,120,45,1138,89,1049,0,311802
14000US06037320000,140,6,37,0,0,0,0,0,0,0,0,320000
14000US06037320100,140,6,37,1796,136,93,43,1660,131,1529,0,320100
14000US06037320201,140,6,37,991,114,27,87,877,102,775,0,320201
14000US06037320202,140,6,37,1568,166,0,166,1402,109,1293,0,320202
14000US06037320300,140,6,37,1821,222,167,55,1599,340,1259,0,320300
14000US06037400204,140,6,37,2133,0,0,0,2133,29,2104,0,400204
14000US06037400205,140,6,37,1007,0,0,0,1007,20,987,0,400205
14000US06037400206,140,6,37,1762,39,0,39,1723,41,1682,0,400206
14000US06037400207,140,6,37,1464,19,0,19,1445,38,1407,0,400207
14000US06037400302,140,6,37,1132,43,0,43,1089,69,1020,0,400302
14000US06037400304,140,6,37,2463,37,26,11,2426,326,2100,0,400304
14000US06037400402,140,6,37,1342,18,0,18,1324,79,1245,0,400402
14000US06037400403,140,6,37,1347,10,0,10,1337,64,1273,0,400403
14000US06037400404,140,6,37,1380,29,0,29,1351,22,1329,0,400404
14000US06037400501,140,6,37,681,5,0,5,676,8,668,0,400501
14000US06037400602,140,6,37,1312,100,87,13,1212,233,979,0,400602
14000US06037400603,140,6,37,1690,49,24,25,1641,146,1495,0,400603
14000US06037400604,140,6,37,940,94,79,15,846,74,772,0,400604
14000US06037400800,140,6,37,835,0,0,0,835,41,794,0,400800
14000US06037400900,140,6,37,1407,52,8,44,1355,180,1175,0,400900
14000US06037401001,140,6,37,1006,12,4,8,994,37,957,0,401001
14000US06037401002,140,6,37,1638,0,0,0,1638,184,1454,0,401002
14000US06037401101,140,6,37,1917,85,56,29,1832,193,1639,0,401101
14000US06037401102,140,6,37,1058,47,47,0,1011,91,920,0,401102
14000US06037401201,140,6,37,1078,13,13,0,1065,0,1065,0,401201
14000US06037401202,140,6,37,1317,74,61,13,1243,47,1196,0,401202
14000US06037401203,140,6,37,1651,99,28,71,1552,118,1434,0,401203
14000US06037401303,140,6,37,787,7,7,0,780,0,780,0,401303
14000US06037401304,140,6,37,2194,0,0,0,2194,198,1996,0,401304
14000US06037401311,140,6,37,2235,42,12,30,2193,115,2078,0,401311
14000US06037401312,140,6,37,1804,44,13,31,1760,111,1649,0,401312
14000US06037401500,140,6,37,1733,150,51,99,1583,62,1521,0,401500
14000US06037401601,140,6,37,2075,28,0,28,2047,191,1856,0,401601
14000US06037401602,140,6,37,1814,132,88,44,1682,166,1516,0,401602
14000US06037401603,140,6,37,1207,59,11,48,1148,106,1042,0,401603
14000US06037401701,140,6,37,1635,40,9,31,1595,161,1434,0,401701
14000US06037401703,140,6,37,1411,169,41,128,1242,185,1057,0,401703
14000US06037401704,140,6,37,1938,179,94,85,1759,266,1493,0,401704
14000US06037401800,140,6,37,2655,54,25,29,2601,231,2370,0,401800
14000US06037401901,140,6,37,152,4,4,0,148,4,144,0,401901
14000US06037401902,140,6,37,2572,16,0,16,2556,105,2451,0,401902
14000US06037402001,140,6,37,1070,149,38,111,921,144,777,0,402001
14000US06037402002,140,6,37,1466,48,28,20,1418,167,1251,0,402002
14000US06037402101,140,6,37,1092,55,24,31,1037,118,919,0,402101
14000US06037402102,140,6,37,1232,169,40,129,1063,145,918,0,402102
14000US06037402200,140,6,37,2068,83,35,48,1985,224,1761,0,402200
14000US06037402301,140,6,37,1280,179,108,71,1101,87,1014,0,402301
14000US06037402303,140,6,37,1135,206,90,116,929,334,595,0,402303
14000US06037402304,140,6,37,953,246,151,95,707,207,500,0,402304
14000US06037402402,140,6,37,1922,194,52,142,1728,99,1629,0,402402
14000US06037402403,140,6,37,1012,18,0,18,994,119,875,0,402403
14000US06037402404,140,6,37,4,0,0,0,4,0,4,0,402404
14000US06037402405,140,6,37,639,48,0,48,591,92,499,0,402405
14000US06037402406,140,6,37,1077,144,81,63,933,128,805,0,402406
14000US06037402501,140,6,37,1268,319,144,175,949,193,756,0,402501
14000US06037402502,140,6,37,1686,312,159,153,1374,212,1162,0,402502
14000US06037402600,140,6,37,2455,256,177,79,2199,323,1876,0,402600
14000US06037402702,140,6,37,1516,442,349,93,1074,198,876,0,402702
14000US06037402703,140,6,37,1193,160,52,108,1033,157,876,0,402703
14000US06037402705,140,6,37,887,59,5,54,828,70,758,0,402705
14000US06037402706,140,6,37,973,79,0,79,894,68,826,0,402706
14000US06037402801,140,6,37,1100,306,192,114,794,201,593,0,402801
14000US06037402803,140,6,37,743,79,38,41,664,142,522,0,402803
14000US06037402804,140,6,37,947,294,179,115,653,144,509,0,402804
14000US06037402902,140,6,37,1451,247,148,99,1204,230,974,0,402902
14000US06037402903,140,6,37,998,230,103,127,768,73,695,0,402903
14000US06037402904,140,6,37,823,92,12,80,731,122,609,0,402904
14000US06037403000,140,6,37,1559,176,63,113,1383,217,1166,0,403000
14000US06037403200,140,6,37,0,0,0,0,0,0,0,0,403200
14000US06037403303,140,6,37,745,7,7,0,738,19,719,0,403303
14000US06037403304,140,6,37,1595,11,11,0,1584,87,1497,0,403304
14000US06037403305,140,6,37,681,0,0,0,681,56,625,0,403305
14000US06037403312,140,6,37,1549,48,48,0,1501,36,1465,0,403312
14000US06037403316,140,6,37,2344,29,0,29,2315,88,2227,0,403316
14000US06037403317,140,6,37,1376,23,16,7,1353,85,1268,0,403317
14000US06037403318,140,6,37,1893,62,16,46,1831,92,1739,0,403318
14000US06037403319,140,6,37,1572,29,10,19,1543,81,1462,0,403319
14000US06037403320,140,6,37,1607,15,8,7,1592,122,1470,0,403320
14000US06037403321,140,6,37,1859,53,25,28,1806,85,1721,0,403321
14000US06037403322,140,6,37,1246,0,0,0,1246,63,1183,0,403322
14000US06037403323,140,6,37,1651,18,0,18,1633,141,1492,0,403323
14000US06037403324,140,6,37,2093,31,31,0,2062,74,1988,0,403324
14000US06037403325,140,6,37,1453,44,0,44,1409,49,1360,0,403325
14000US06037403401,140,6,37,1491,33,24,9,1458,78,1380,0,403401
14000US06037403402,140,6,37,985,14,14,0,971,26,945,0,403402
14000US06037403403,140,6,37,1442,0,0,0,1442,112,1330,0,403403
14000US06037403404,140,6,37,760,0,0,0,760,48,712,0,403404
14000US06037403405,140,6,37,498,7,0,7,491,14,477,0,403405
14000US06037403406,140,6,37,812,4,4,0,808,60,748,0,403406
14000US06037403407,140,6,37,620,0,0,0,620,54,566,0,403407
14000US06037403408,140,6,37,1873,36,0,36,1837,164,1673,0,403408
14000US06037403500,140,6,37,628,11,0,11,617,31,586,0,403500
14000US06037403600,140,6,37,2138,87,11,76,2051,109,1942,0,403600
14000US06037403702,140,6,37,1102,43,0,43,1059,26,1033,0,403702
14000US06037403703,140,6,37,1455,18,8,10,1437,71,1366,0,403703
14000US06037403721,140,6,37,1650,36,25,11,1614,113,1501,0,403721
14000US06037403722,140,6,37,1631,243,145,98,1388,107,1281,0,403722
14000US06037403801,140,6,37,1872,154,86,68,1718,124,1594,0,403801
14000US06037403802,140,6,37,1937,121,66,55,1816,197,1619,0,403802
14000US06037403901,140,6,37,909,32,4,28,877,24,853,0,403901
14000US06037403902,140,6,37,1404,59,17,42,1345,96,1249,0,403902
14000US06037404000,140,6,37,1326,108,21,87,1218,68,1150,0,404000
14000US06037404100,140,6,37,1336,92,24,68,1244,126,1118,0,404100
14000US06037404201,140,6,37,936,220,151,69,716,118,598,0,404201
14000US06037404202,140,6,37,769,34,21,13,735,194,541,0,404202
14000US06037404301,140,6,37,1373,128,55,73,1245,227,1018,0,404301
14000US06037404302,140,6,37,556,24,7,17,532,39,493,0,404302
14000US06037404401,140,6,37,929,123,62,61,806,85,721,0,404401
14000US06037404402,140,6,37,1157,8,8,0,1149,131,1018,0,404402
14000US06037404501,140,6,37,583,114,35,79,469,37,432,0,404501
14000US06037404503,140,6,37,714,21,0,21,693,45,648,0,404503
14000US06037404504,140,6,37,1278,155,45,110,1123,252,871,0,404504
14000US06037404600,140,6,37,357,32,9,23,325,30,295,0,404600
14000US06037404701,140,6,37,1279,190,65,125,1089,96,993,0,404701
14000US06037404702,140,6,37,1340,256,118,138,1084,175,909,0,404702
14000US06037404703,140,6,37,714,145,62,83,569,73,496,0,404703
14000US06037404801,140,6,37,1768,285,130,155,1483,168,1315,0,404801
14000US06037404802,140,6,37,1053,128,38,90,925,125,800,0,404802
14000US06037404803,140,6,37,420,71,30,41,349,42,307,0,404803
14000US06037404901,140,6,37,1294,97,52,45,1197,129,1068,0,404901
14000US06037404902,140,6,37,906,120,85,35,786,35,751,0,404902
14000US06037404903,140,6,37,629,79,45,34,550,68,482,0,404903
14000US06037405001,140,6,37,1333,127,63,64,1206,152,1054,0,405001
14000US06037405002,140,6,37,666,124,48,76,542,69,473,0,405002
14000US06037405101,140,6,37,1142,158,74,84,984,90,894,0,405101
14000US06037405102,140,6,37,1321,221,88,133,1100,108,992,0,405102
14000US06037405201,140,6,37,1260,166,65,101,1094,178,916,0,405201
14000US06037405202,140,6,37,1180,202,68,134,978,77,901,0,405202
14000US06037405203,140,6,37,725,85,26,59,640,98,542,0,405203
14000US06037405301,140,6,37,1073,70,27,43,1003,191,812,0,405301
14000US06037405302,140,6,37,1519,109,52,57,1410,4,1406,0,405302
14000US06037405400,140,6,37,1278,56,47,9,1222,51,1171,0,405400
14000US06037405500,140,6,37,1970,101,6,95,1869,195,1674,0,405500
14000US06037405600,140,6,37,1608,87,23,64,1521,137,1384,0,405600
14000US06037405701,140,6,37,1041,19,6,13,1022,34,988,0,405701
14000US06037405702,140,6,37,1520,60,25,35,1460,178,1282,0,405702
14000US06037405800,140,6,37,1632,111,52,59,1521,137,1384,0,405800
14000US06037405900,140,6,37,1157,64,7,57,1093,66,1027,0,405900
14000US06037406000,140,6,37,1535,128,28,100,1407,132,1275,0,406000
14000US06037406101,140,6,37,1119,73,25,48,1046,97,949,0,406101
14000US06037406102,140,6,37,2151,100,32,68,2051,179,1872,0,406102
14000US06037406200,140,6,37,1782,89,72,17,1693,261,1432,0,406200
14000US06037406300,140,6,37,1727,102,51,51,1625,146,1479,0,406300
14000US06037406402,140,6,37,604,35,0,35,569,7,562,0,406402
14000US06037406411,140,6,37,524,34,22,12,490,36,454,0,406411
14000US06037406412,140,6,37,809,7,0,7,802,64,738,0,406412
14000US06037406500,140,6,37,1965,75,57,18,1890,90,1800,0,406500
14000US06037406601,140,6,37,1495,18,0,18,1477,120,1357,0,406601
14000US06037406602,140,6,37,1256,138,47,91,1118,86,1032,0,406602
14000US06037406701,140,6,37,943,73,0,73,870,20,850,0,406701
14000US06037406702,140,6,37,1686,167,93,74,1519,97,1422,0,406702
14000US06037406800,140,6,37,1277,116,34,82,1161,33,1128,0,406800
14000US06037406901,140,6,37,1182,155,89,66,1027,205,822,0,406901
14000US06037406902,140,6,37,865,47,28,19,818,59,759,0,406902
14000US06037407001,140,6,37,1142,140,63,77,1002,78,924,0,407001
14000US06037407002,140,6,37,727,31,0,31,696,87,609,0,407002
14000US06037407101,140,6,37,1165,144,37,107,1021,78,943,0,407101
14000US06037407102,140,6,37,1219,114,24,90,1105,123,982,0,407102
14000US06037407200,140,6,37,1536,204,51,153,1332,160,1172,0,407200
14000US06037407301,140,6,37,1068,57,19,38,1011,7,1004,0,407301
14000US06037407302,140,6,37,714,78,0,78,636,102,534,0,407302
14000US06037407400,140,6,37,560,25,8,17,535,60,475,0,407400
14000US06037407501,140,6,37,970,136,37,99,834,31,803,0,407501
14000US06037407502,140,6,37,821,139,50,89,682,51,631,0,407502
14000US06037407601,140,6,37,1130,83,66,17,1047,108,939,0,407601
14000US06037407602,140,6,37,927,100,14,86,827,117,710,0,407602
14000US06037407701,140,6,37,1159,193,107,86,966,194,772,0,407701
14000US06037407702,140,6,37,1581,119,52,67,1462,77,1385,0,407702
14000US06037407801,140,6,37,1091,92,0,92,999,73,926,0,407801
14000US06037407802,140,6,37,822,28,7,21,794,67,727,0,407802
14000US06037407900,140,6,37,1443,146,71,75,1297,100,1197,0,407900
14000US06037408003,140,6,37,1157,19,6,13,1138,71,1067,0,408003
14000US06037408004,140,6,37,882,32,0,32,850,68,782,0,408004
14000US06037408005,140,6,37,1542,38,16,22,1504,40,1464,0,408005
14000US06037408006,140,6,37,1063,71,51,20,992,69,923,0,408006
14000US06037408133,140,6,37,1614,89,21,68,1525,185,1340,0,408133
14000US06037408134,140,6,37,843,11,5,6,832,53,779,0,408134
14000US06037408135,140,6,37,1208,59,59,0,1149,41,1108,0,408135
14000US06037408136,140,6,37,1062,15,0,15,1047,102,945,0,408136
14000US06037408137,140,6,37,1223,109,11,98,1114,107,1007,0,408137
14000US06037408138,140,6,37,1268,357,115,242,911,85,826,0,408138
14000US06037408139,140,6,37,742,90,44,46,652,70,582,0,408139
14000US06037408140,140,6,37,757,155,54,101,602,90,512,0,408140
14000US06037408141,140,6,37,1071,172,47,125,899,67,832,0,408141
14000US06037408202,140,6,37,453,24,0,24,429,67,362,0,408202
14000US06037408211,140,6,37,1748,148,38,110,1600,270,1330,0,408211
14000US06037408212,140,6,37,1304,66,5,61,1238,110,1128,0,408212
14000US06037408301,140,6,37,1122,58,35,23,1064,207,857,0,408301
14000US06037408302,140,6,37,1068,21,0,21,1047,103,944,0,408302
14000US06037408303,140,6,37,1170,32,0,32,1138,88,1050,0,408303
14000US06037408401,140,6,37,1204,93,68,25,1111,56,1055,0,408401
14000US06037408402,140,6,37,1683,63,15,48,1620,49,1571,0,408402
14000US06037408501,140,6,37,803,20,4,16,783,86,697,0,408501
14000US06037408503,140,6,37,1980,25,10,15,1955,121,1834,0,408503
14000US06037408504,140,6,37,1549,82,24,58,1467,117,1350,0,408504
14000US06037408505,140,6,37,799,7,0,7,792,35,757,0,408505
14000US06037408623,140,6,37,1001,12,0,12,989,40,949,0,408623
14000US06037408624,140,6,37,975,20,0,20,955,70,885,0,408624
14000US06037408625,140,6,37,1254,9,0,9,1245,78,1167,0,408625
14000US06037408626,140,6,37,1458,0,0,0,1458,169,1289,0,408626
14000US06037408627,140,6,37,891,4,4,0,887,75,812,0,408627
14000US06037408628,140,6,37,1770,51,24,27,1719,186,1533,0,408628
14000US06037408629,140,6,37,917,0,0,0,917,62,855,0,408629
14000US06037408630,140,6,37,554,25,0,25,529,57,472,0,408630
14000US06037408631,140,6,37,1382,61,0,61,1321,148,1173,0,408631
14000US06037408703,140,6,37,1934,41,0,41,1893,99,1794,0,408703
14000US06037408704,140,6,37,1013,8,0,8,1005,276,729,0,408704
14000US06037408705,140,6,37,1599,87,42,45,1512,62,1450,0,408705
14000US06037408706,140,6,37,495,12,0,12,483,7,476,0,408706
14000US06037408722,140,6,37,1254,27,11,16,1227,136,1091,0,408722
14000US06037408723,140,6,37,806,36,20,16,770,47,723,0,408723
14000US06037408724,140,6,37,1447,235,84,151,1212,125,1087,0,408724
14000US06037408800,140,6,37,1236,198,161,37,1038,351,687,0,408800
14000US06037430002,140,6,37,2352,84,56,28,2268,194,2074,0,430002
14000US06037430003,140,6,37,1520,41,0,41,1479,56,1423,0,430003
14000US06037430101,140,6,37,1730,53,37,16,1677,278,1399,0,430101
14000US06037430102,140,6,37,1254,150,69,81,1104,121,983,0,430102
14000US06037430200,140,6,37,422,8,8,0,414,23,391,0,430200
14000US06037430301,140,6,37,1615,28,0,28,1587,77,1510,0,430301
14000US06037430302,140,6,37,2322,0,0,0,2322,105,2217,0,430302
14000US06037430400,140,6,37,1534,27,27,0,1507,78,1429,0,430400
14000US06037430501,140,6,37,1696,18,9,9,1678,64,1614,0,430501
14000US06037430502,140,6,37,2854,12,0,12,2842,207,2635,0,430502
14000US06037430600,140,6,37,1450,20,8,12,1430,78,1352,0,430600
14000US06037430701,140,6,37,1961,9,9,0,1952,130,1822,0,430701
14000US06037430721,140,6,37,1180,0,0,0,1180,172,1008,0,430721
14000US06037430723,140,6,37,1665,65,14,51,1600,179,1421,0,430723
14000US06037430724,140,6,37,1970,46,10,36,1924,252,1672,0,430724
14000US06037430801,140,6,37,2402,10,0,10,2392,259,2133,0,430801
14000US06037430802,140,6,37,1429,0,0,0,1429,129,1300,0,430802
14000US06037430803,140,6,37,1787,19,8,11,1768,186,1582,0,430803
14000US06037430901,140,6,37,1504,59,27,32,1445,216,1229,0,430901
14000US06037430902,140,6,37,1644,53,0,53,1591,143,1448,0,430902
14000US06037431001,140,6,37,2516,180,145,35,2336,243,2093,0,431001
14000US06037431002,140,6,37,1251,36,23,13,1215,157,1058,0,431002
14000US06037431100,140,6,37,2108,129,82,47,1979,222,1757,0,431100
14000US06037431200,140,6,37,1492,136,60,76,1356,167,1189,0,431200
14000US06037431300,140,6,37,868,13,0,13,855,15,840,0,431300
14000US06037431400,140,6,37,1348,8,0,8,1340,54,1286,0,431400
14000US06037431501,140,6,37,1537,63,38,25,1474,258,1216,0,431501
14000US06037431502,140,6,37,1430,76,20,56,1354,161,1193,0,431502
14000US06037431600,140,6,37,1265,15,0,15,1250,106,1144,0,431600
14000US06037431700,140,6,37,1997,27,12,15,1970,260,1710,0,431700
14000US06037431800,140,6,37,1809,84,68,16,1725,235,1490,0,431800
14000US06037431900,140,6,37,1331,42,8,34,1289,223,1066,0,431900
14000US06037432000,140,6,37,2524,133,18,115,2391,158,2233,0,432000
14000US06037432101,140,6,37,1347,48,10,38,1299,112,1187,0,432101
14000US06037432102,140,6,37,1680,10,10,0,1670,154,1516,0,432102
14000US06037432201,140,6,37,1297,46,28,18,1251,131,1120,0,432201
14000US06037432202,140,6,37,1288,39,0,39,1249,208,1041,0,432202
14000US06037432300,140,6,37,1158,43,12,31,1115,112,1003,0,432300
14000US06037432401,140,6,37,1017,191,148,43,826,189,637,0,432401
14000US06037432402,140,6,37,1786,126,83,43,1660,394,1266,0,432402
14000US06037432500,140,6,37,2296,254,114,140,2042,177,1865,0,432500
14000US06037432601,140,6,37,1682,187,93,94,1495,283,1212,0,432601
14000US06037432602,140,6,37,1179,70,62,8,1109,58,1051,0,432602
14000US06037432700,140,6,37,1247,43,8,35,1204,211,993,0,432700
14000US06037432801,140,6,37,876,95,51,44,781,167,614,0,432801
14000US06037432802,140,6,37,1448,281,143,138,1167,283,884,0,432802
14000US06037432901,140,6,37,1243,102,27,75,1141,172,969,0,432901
14000US06037432902,140,6,37,879,65,26,39,814,87,727,0,432902
14000US06037433101,140,6,37,637,79,36,43,558,63,495,0,433101
14000US06037433102,140,6,37,1171,223,123,100,948,239,709,0,433102
14000US06037433200,140,6,37,1575,179,53,126,1396,350,1046,0,433200
14000US06037433302,140,6,37,418,112,74,38,306,22,284,0,433302
14000US06037433304,140,6,37,1345,74,6,68,1271,298,973,0,433304
14000US06037433305,140,6,37,1188,246,195,51,942,256,686,0,433305
14000US06037433306,140,6,37,778,106,39,67,672,134,538,0,433306
14000US06037433307,140,6,37,807,145,80,65,662,63,599,0,433307
14000US06037433401,140,6,37,657,133,37,96,524,85,439,0,433401
14000US06037433402,140,6,37,1139,266,137,129,873,196,677,0,433402
14000US06037433403,140,6,37,1179,203,154,49,976,268,708,0,433403
14000US06037433501,140,6,37,507,116,67,49,391,100,291,0,433501
14000US06037433503,140,6,37,704,84,19,65,620,89,531,0,433503
14000US06037433504,140,6,37,1071,227,130,97,844,64,780,0,433504
14000US06037433601,140,6,37,1170,106,75,31,1064,114,950,0,433601
14000US06037433602,140,6,37,768,64,46,18,704,157,547,0,433602
14000US06037433700,140,6,37,855,85,32,53,770,53,717,0,433700
14000US06037433801,140,6,37,1290,234,80,154,1056,258,798,0,433801
14000US06037433802,140,6,37,762,58,0,58,704,87,617,0,433802
14000US06037433901,140,6,37,1246,299,172,127,947,193,754,0,433901
14000US06037433902,140,6,37,939,124,49,75,815,87,728,0,433902
14000US06037434001,140,6,37,1042,101,81,20,941,130,811,0,434001
14000US06037434003,140,6,37,1073,223,87,136,850,129,721,0,434003
14000US06037434004,140,6,37,629,185,29,156,444,29,415,0,434004
14000US06037460000,140,6,37,1757,0,0,0,1757,89,1668,0,460000
14000US06037460100,140,6,37,2507,36,0,36,2471,244,2227,0,460100
14000US06037460200,140,6,37,2124,60,44,16,2064,17,2047,0,460200
14000US06037460301,140,6,37,1661,48,32,16,1613,72,1541,0,460301
14000US06037460302,140,6,37,1392,114,48,66,1278,266,1012,0,460302
14000US06037460401,140,6,37,333,5,5,0,328,31,297,0,460401
14000US06037460501,140,6,37,1861,11,0,11,1850,50,1800,0,460501
14000US06037460502,140,6,37,1411,17,9,8,1394,62,1332,0,460502
14000US06037460600,140,6,37,1467,23,0,23,1444,0,1444,0,460600
14000US06037460700,140,6,37,1574,11,11,0,1563,9,1554,0,460700
14000US06037460800,140,6,37,1291,0,0,0,1291,31,1260,0,460800
14000US06037460900,140,6,37,1937,156,75,81,1781,285,1496,0,460900
14000US06037461000,140,6,37,1683,152,55,97,1531,119,1412,0,461000
14000US06037461100,140,6,37,1668,110,55,55,1558,151,1407,0,461100
14000US06037461200,140,6,37,1729,16,0,16,1713,89,1624,0,461200
14000US06037461300,140,6,37,2555,177,55,122,2378,168,2210,0,461300
14000US06037461400,140,6,37,1278,44,44,0,1234,86,1148,0,461400
14000US06037461501,140,6,37,1287,114,56,58,1173,117,1056,0,461501
14000US06037461502,140,6,37,1660,222,139,83,1438,258,1180,0,461502
14000US06037461600,140,6,37,1625,178,61,117,1447,225,1222,0,461600
14000US06037461700,140,6,37,681,17,0,17,664,20,644,0,461700
14000US06037461901,140,6,37,1663,167,78,89,1496,260,1236,0,461901
14000US06037461902,140,6,37,960,105,62,43,855,132,723,0,461902
14000US06037462001,140,6,37,1206,123,32,91,1083,231,852,0,462001
14000US06037462002,140,6,37,1089,171,37,134,918,106,812,0,462002
14000US06037462100,140,6,37,1638,77,35,42,1561,159,1402,0,462100
14000US06037462201,140,6,37,1851,138,62,76,1713,383,1330,0,462201
14000US06037462202,140,6,37,1444,85,41,44,1359,217,1142,0,462202
14000US06037462301,140,6,37,1912,359,156,203,1553,211,1342,0,462301
14000US06037462302,140,6,37,1327,40,8,32,1287,170,1117,0,462302
14000US06037462400,140,6,37,1658,96,10,86,1562,204,1358,0,462400
14000US06037462500,140,6,37,2209,100,38,62,2109,161,1948,0,462500
14000US06037462600,140,6,37,850,20,14,6,830,38,792,0,462600
14000US06037462700,140,6,37,2122,33,0,33,2089,133,1956,0,462700
14000US06037462800,140,6,37,1095,68,41,27,1027,83,944,0,462800
14000US06037462900,140,6,37,1405,23,0,23,1382,103,1279,0,462900
14000US06037463000,140,6,37,935,3,0,3,932,53,879,0,463000
14000US06037463101,140,6,37,867,15,0,15,852,76,776,0,463101
14000US06037463102,140,6,37,1215,114,88,26,1101,119,982,0,463102
14000US06037463200,140,6,37,1389,82,39,43,1307,107,1200,0,463200
14000US06037463300,140,6,37,881,10,0,10,871,16,855,0,463300
14000US06037463400,140,6,37,2572,85,0,85,2487,194,2293,0,463400
14000US06037463500,140,6,37,2521,65,0,65,2456,311,2145,0,463500
14000US06037463601,140,6,37,3460,0,0,0,3460,361,3099,0,463601
14000US06037463602,140,6,37,3308,89,44,45,3219,660,2559,0,463602
14000US06037463700,140,6,37,1262,4,4,0,1258,84,1174,0,463700
14000US06037463800,140,6,37,1639,7,0,7,1632,44,1588,0,463800
14000US06037463900,140,6,37,1708,0,0,0,1708,76,1632,0,463900
14000US06037464000,140,6,37,2681,17,0,17,2664,202,2462,0,464000
14000US06037464100,140,6,37,2445,0,0,0,2445,184,2261,0,464100
14000US06037464200,140,6,37,1970,0,0,0,1970,111,1859,0,464200
14000US06037480002,140,6,37,1139,19,11,8,1120,51,1069,0,480002
14000US06037480011,140,6,37,1781,90,0,90,1691,244,1447,0,480011
14000US06037480012,140,6,37,1671,47,17,30,1624,134,1490,0,480012
14000US06037480101,140,6,37,1237,20,9,11,1217,96,1121,0,480101
14000US06037480102,140,6,37,1375,14,0,14,1361,80,1281,0,480102
14000US06037480201,140,6,37,1310,9,0,9,1301,25,1276,0,480201
14000US06037480202,140,6,37,915,7,0,7,908,22,886,0,480202
14000US06037480302,140,6,37,1681,48,34,14,1633,222,1411,0,480302
14000US06037480303,140,6,37,1481,55,34,21,1426,224,1202,0,480303
14000US06037480304,140,6,37,1706,138,107,31,1568,272,1296,0,480304
14000US06037480400,140,6,37,2240,101,39,62,2139,192,1947,0,480400
14000US06037480500,140,6,37,2120,55,20,35,2065,84,1981,0,480500
14000US06037480600,140,6,37,3228,41,10,31,3187,270,2917,0,480600
14000US06037480702,140,6,37,1709,9,0,9,1700,91,1609,0,480702
14000US06037480703,140,6,37,1243,0,0,0,1243,40,1203,0,480703
14000US06037480704,140,6,37,1922,45,35,10,1877,161,1716,0,480704
14000US06037480802,140,6,37,1021,34,11,23,987,71,916,0,480802
14000US06037480803,140,6,37,1195,58,11,47,1137,47,1090,0,480803
14000US06037480804,140,6,37,1971,68,58,10,1903,202,1701,0,480804
14000US06037480901,140,6,37,1529,62,18,44,1467,188,1279,0,480901
14000US06037480902,140,6,37,1401,60,41,19,1341,246,1095,0,480902
14000US06037480903,140,6,37,991,50,45,5,941,97,844,0,480903
14000US06037481001,140,6,37,1363,107,34,73,1256,220,1036,0,481001
14000US06037481002,140,6,37,2047,122,65,57,1925,247,1678,0,481002
14000US06037481101,140,6,37,1416,45,0,45,1371,142,1229,0,481101
14000US06037481102,140,6,37,1324,118,80,38,1206,125,1081,0,481102
14000US06037481103,140,6,37,1452,83,12,71,1369,173,1196,0,481103
14000US06037481201,140,6,37,1211,46,10,36,1165,103,1062,0,481201
14000US06037481202,140,6,37,1764,124,55,69,1640,265,1375,0,481202
14000US06037481300,140,6,37,826,24,15,9,802,108,694,0,481300
14000US06037481401,140,6,37,1882,84,25,59,1798,228,1570,0,481401
14000US06037481402,140,6,37,2115,107,53,54,2008,297,1711,0,481402
14000US06037481500,140,6,37,1514,23,0,23,1491,213,1278,0,481500
14000US06037481603,140,6,37,1261,85,32,53,1176,195,981,0,481603
14000US06037481604,140,6,37,1284,51,12,39,1233,192,1041,0,481604
14000US06037481605,140,6,37,1064,136,56,80,928,96,832,0,481605
14000US06037481606,140,6,37,1493,63,63,0,1430,225,1205,0,481606
14000US06037481711,140,6,37,1342,172,97,75,1170,345,825,0,481711
14000US06037481712,140,6,37,1496,44,28,16,1452,384,1068,0,481712
14000US06037481713,140,6,37,753,35,5,30,718,88,630,0,481713
14000US06037481714,140,6,37,845,55,33,22,790,261,529,0,481714
14000US06037481800,140,6,37,919,30,0,30,889,74,815,0,481800
14000US06037481901,140,6,37,2006,36,23,13,1970,129,1841,0,481901
14000US06037481902,140,6,37,1192,67,43,24,1125,90,1035,0,481902
14000US06037482001,140,6,37,996,17,9,8,979,111,868,0,482001
14000US06037482002,140,6,37,2244,130,117,13,2114,271,1843,0,482002
14000US06037482101,140,6,37,1401,107,63,44,1294,108,1186,0,482101
14000US06037482102,140,6,37,915,10,5,5,905,42,863,0,482102
14000US06037482201,140,6,37,1219,106,39,67,1113,171,942,0,482201
14000US06037482202,140,6,37,1505,52,30,22,1453,198,1255,0,482202
14000US06037482301,140,6,37,1337,84,27,57,1253,294,959,0,482301
14000US06037482303,140,6,37,1611,133,68,65,1478,313,1165,0,482303
14000US06037482304,140,6,37,913,128,54,74,785,155,630,0,482304
14000US06037482401,140,6,37,947,102,33,69,845,127,718,0,482401
14000US06037482402,140,6,37,2152,230,124,106,1922,114,1808,0,482402
14000US06037482502,140,6,37,791,44,27,17,747,193,554,0,482502
14000US06037482503,140,6,37,1065,192,95,97,873,146,727,0,482503
14000US06037482521,140,6,37,1424,72,26,46,1352,145,1207,0,482521
14000US06037482522,140,6,37,1481,58,29,29,1423,67,1356,0,482522
14000US06037482600,140,6,37,2186,24,0,24,2162,249,1913,0,482600
14000US06037482701,140,6,37,1344,28,22,6,1316,59,1257,0,482701
14000US06037482702,140,6,37,768,0,0,0,768,101,667,0,482702
14000US06037482800,140,6,37,1249,91,54,37,1158,58,1100,0,482800
14000US06037500100,140,6,37,1067,23,0,23,1044,36,1008,0,500100
14000US06037500201,140,6,37,1917,62,0,62,1855,40,1815,0,500201
14000US06037500202,140,6,37,1459,6,0,6,1453,49,1404,0,500202
14000US06037500300,140,6,37,1101,54,23,31,1047,28,1019,0,500300
14000US06037500402,140,6,37,1142,64,24,40,1078,147,931,0,500402
14000US06037500403,140,6,37,1073,76,22,54,997,101,896,0,500403
14000US06037500404,140,6,37,1247,80,0,80,1167,105,1062,0,500404
14000US06037500500,140,6,37,887,61,4,57,826,69,757,0,500500
14000US06037500600,140,6,37,1450,229,93,136,1221,165,1056,0,500600
14000US06037500700,140,6,37,1686,151,87,64,1535,67,1468,0,500700
14000US06037500800,140,6,37,1418,86,36,50,1332,201,1131,0,500800
14000US06037500900,140,6,37,1541,136,72,64,1405,243,1162,0,500900
14000US06037501001,140,6,37,651,57,1,56,594,41,553,0,501001
14000US06037501002,140,6,37,1386,115,20,95,1271,95,1176,0,501002
14000US06037501200,140,6,37,1519,69,14,55,1450,136,1314,0,501200
14000US06037501300,140,6,37,2314,86,53,33,2228,175,2053,0,501300
14000US06037501400,140,6,37,1133,114,63,51,1019,107,912,0,501400
14000US06037501501,140,6,37,819,14,7,7,805,44,761,0,501501
14000US06037501503,140,6,37,1890,130,76,54,1760,118,1642,0,501503
14000US06037501504,140,6,37,1558,264,110,154,1294,227,1067,0,501504
14000US06037501600,140,6,37,2249,104,30,74,2145,90,2055,0,501600
14000US06037501700,140,6,37,1247,44,0,44,1203,92,1111,0,501700
14000US06037501802,140,6,37,1263,50,43,7,1213,131,1082,0,501802
14000US06037501803,140,6,37,1446,264,185,79,1182,219,963,0,501803
14000US06037501804,140,6,37,751,79,46,33,672,113,559,0,501804
14000US06037501900,140,6,37,1331,23,13,10,1308,100,1208,0,501900
14000US06037502003,140,6,37,780,108,34,74,672,62,610,0,502003
14000US06037502004,140,6,37,913,87,42,45,826,110,716,0,502004
14000US06037502005,140,6,37,1263,15,9,6,1248,83,1165,0,502005
14000US06037502100,140,6,37,1610,57,21,36,1553,180,1373,0,502100
14000US06037502200,140,6,37,1728,188,48,140,1540,186,1354,0,502200
14000US06037502301,140,6,37,1317,163,64,99,1154,150,1004,0,502301
14000US06037502302,140,6,37,677,153,92,61,524,133,391,0,502302
14000US06037502401,140,6,37,1308,50,0,50,1258,86,1172,0,502401
14000US06037502402,140,6,37,909,49,25,24,860,61,799,0,502402
14000US06037502500,140,6,37,1105,66,20,46,1039,197,842,0,502500
14000US06037502601,140,6,37,1850,168,11,157,1682,63,1619,0,502601
14000US06037502602,140,6,37,1347,43,31,12,1304,83,1221,0,502602
14000US06037502700,140,6,37,1800,148,11,137,1652,143,1509,0,502700
14000US06037502801,140,6,37,1670,49,20,29,1621,79,1542,0,502801
14000US06037502802,140,6,37,887,74,17,57,813,119,694,0,502802
14000US06037502901,140,6,37,1354,82,27,55,1272,30,1242,0,502901
14000US06037502902,140,6,37,905,181,105,76,724,109,615,0,502902
14000US06037503000,140,6,37,1301,253,38,215,1048,249,799,0,503000
14000US06037503103,140,6,37,1063,80,2,78,983,114,869,0,503103
14000US06037503104,140,6,37,607,105,38,67,502,63,439,0,503104
14000US06037503105,140,6,37,992,123,62,61,869,28,841,0,503105
14000US06037503106,140,6,37,1047,46,0,46,1001,57,944,0,503106
14000US06037503201,140,6,37,1133,98,0,98,1035,56,979,0,503201
14000US06037503202,140,6,37,1312,147,120,27,1165,85,1080,0,503202
14000US06037503301,140,6,37,1052,14,0,14,1038,47,991,0,503301
14000US06037503302,140,6,37,1897,108,65,43,1789,137,1652,0,503302
14000US06037503401,140,6,37,2260,0,0,0,2260,194,2066,0,503401
14000US06037503402,140,6,37,1412,32,0,32,1380,64,1316,0,503402
14000US06037503501,140,6,37,1956,86,34,52,1870,237,1633,0,503501
14000US06037503502,140,6,37,1252,62,24,38,1190,103,1087,0,503502
14000US06037503601,140,6,37,1211,5,0,5,1206,39,1167,0,503601
14000US06037503602,140,6,37,1206,20,0,20,1186,98,1088,0,503602
14000US06037503701,140,6,37,1707,25,7,18,1682,132,1550,0,503701
14000US06037503702,140,6,37,1621,66,47,19,1555,64,1491,0,503702
14000US06037503703,140,6,37,2925,62,14,48,2863,175,2688,0,503703
14000US06037503801,140,6,37,1225,57,48,9,1168,57,1111,0,503801
14000US06037503802,140,6,37,1473,93,50,43,1380,44,1336,0,503802
14000US06037503901,140,6,37,807,45,0,45,762,73,689,0,503901
14000US06037503902,140,6,37,1360,55,10,45,1305,41,1264,0,503902
14000US06037504001,140,6,37,1054,26,12,14,1028,35,993,0,504001
14000US06037504002,140,6,37,1577,17,0,17,1560,118,1442,0,504002
14000US06037504101,140,6,37,1375,127,44,83,1248,127,1121,0,504101
14000US06037504102,140,6,37,0,0,0,0,0,0,0,0,504102
14000US06037530003,140,6,37,921,40,5,35,881,48,833,0,530003
14000US06037530004,140,6,37,1217,57,26,31,1160,120,1040,0,530004
14000US06037530005,140,6,37,1553,18,0,18,1535,90,1445,0,530005
14000US06037530006,140,6,37,1363,109,27,82,1254,84,1170,0,530006
14000US06037530101,140,6,37,1751,292,143,149,1459,267,1192,0,530101
14000US06037530102,140,6,37,1709,68,56,12,1641,299,1342,0,530102
14000US06037530202,140,6,37,1274,38,31,7,1236,36,1200,0,530202
14000US06037530203,140,6,37,973,46,28,18,927,60,867,0,530203
14000US06037530204,140,6,37,1075,119,88,31,956,98,858,0,530204
14000US06037530301,140,6,37,563,48,18,30,515,81,434,0,530301
14000US06037530302,140,6,37,1860,133,48,85,1727,348,1379,0,530302
14000US06037530400,140,6,37,1224,137,114,23,1087,362,725,0,530400
14000US06037530500,140,6,37,1227,239,179,60,988,116,872,0,530500
14000US06037530601,140,6,37,878,160,115,45,718,102,616,0,530601
14000US06037530602,140,6,37,404,18,7,11,386,94,292,0,530602
14000US06037530700,140,6,37,483,85,42,43,398,75,323,0,530700
14000US06037530801,140,6,37,1485,153,100,53,1332,331,1001,0,530801
14000US06037530802,140,6,37,856,199,115,84,657,64,593,0,530802
14000US06037530901,140,6,37,931,157,91,66,774,125,649,0,530901
14000US06037530902,140,6,37,1183,146,121,25,1037,384,653,0,530902
14000US06037531000,140,6,37,1291,148,58,90,1143,189,954,0,531000
14000US06037531101,140,6,37,1252,141,44,97,1111,255,856,0,531101
14000US06037531102,140,6,37,885,137,63,74,748,227,521,0,531102
14000US06037531201,140,6,37,1257,208,116,92,1049,194,855,0,531201
14000US06037531202,140,6,37,1086,171,71,100,915,243,672,0,531202
14000US06037531301,140,6,37,1291,149,75,74,1142,361,781,0,531301
14000US06037531302,140,6,37,1526,162,104,58,1364,456,908,0,531302
14000US06037531502,140,6,37,801,180,88,92,621,135,486,0,531502
14000US06037531503,140,6,37,764,173,101,72,591,206,385,0,531503
14000US06037531504,140,6,37,1118,218,123,95,900,176,724,0,531504
14000US06037531602,140,6,37,1168,270,185,85,898,181,717,0,531602
14000US06037531603,140,6,37,847,150,40,110,697,160,537,0,531603
14000US06037531604,140,6,37,877,135,47,88,742,246,496,0,531604
14000US06037531701,140,6,37,1295,130,17,113,1165,274,891,0,531701
14000US06037531702,140,6,37,1276,164,97,67,1112,247,865,0,531702
14000US06037531800,140,6,37,1172,128,28,100,1044,260,784,0,531800
14000US06037531901,140,6,37,1729,142,84,58,1587,355,1232,0,531901
14000US06037531902,140,6,37,1121,78,66,12,1043,174,869,0,531902
14000US06037532001,140,6,37,1145,105,35,70,1040,219,821,0,532001
14000US06037532002,140,6,37,875,117,29,88,758,133,625,0,532002
14000US06037532101,140,6,37,1740,293,175,118,1447,199,1248,0,532101
14000US06037532102,140,6,37,1012,86,56,30,926,60,866,0,532102
14000US06037532200,140,6,37,1812,372,174,198,1440,206,1234,0,532200
14000US06037532302,140,6,37,1086,92,45,47,994,139,855,0,532302
14000US06037532303,140,6,37,1253,239,82,157,1014,152,862,0,532303
14000US06037532304,140,6,37,1031,180,67,113,851,168,683,0,532304
14000US06037532400,140,6,37,21,0,0,0,21,7,14,0,532400
14000US06037532500,140,6,37,1071,237,107,130,834,135,699,0,532500
14000US06037532603,140,6,37,751,227,189,38,524,78,446,0,532603
14000US06037532604,140,6,37,651,119,40,79,532,101,431,0,532604
14000US06037532605,140,6,37,1112,150,68,82,962,276,686,0,532605
14000US06037532606,140,6,37,1208,311,189,122,897,158,739,0,532606
14000US06037532700,140,6,37,622,214,70,144,408,144,264,0,532700
14000US06037532800,140,6,37,885,282,198,84,603,173,430,0,532800
14000US06037532900,140,6,37,1531,483,287,196,1048,239,809,0,532900
14000US06037533001,140,6,37,974,261,174,87,713,167,546,0,533001
14000US06037533002,140,6,37,642,98,43,55,544,122,422,0,533002
14000US06037533103,140,6,37,812,206,150,56,606,151,455,0,533103
14000US06037533104,140,6,37,1279,351,216,135,928,312,616,0,533104
14000US06037533105,140,6,37,623,138,97,41,485,130,355,0,533105
14000US06037533106,140,6,37,396,107,66,41,289,42,247,0,533106
14000US06037533107,140,6,37,959,238,127,111,721,114,607,0,533107
14000US06037533201,140,6,37,676,127,32,95,549,144,405,0,533201
14000US06037533202,140,6,37,624,145,8,137,479,109,370,0,533202
14000US06037533203,140,6,37,375,88,60,28,287,33,254,0,533203
14000US06037533300,140,6,37,794,156,126,30,638,177,461,0,533300
14000US06037533401,140,6,37,1099,165,101,64,934,200,734,0,533401
14000US06037533402,140,6,37,976,117,73,44,859,160,699,0,533402
14000US06037533403,140,6,37,700,135,103,32,565,77,488,0,533403
14000US06037533501,140,6,37,730,227,132,95,503,109,394,0,533501
14000US06037533502,140,6,37,511,110,32,78,401,31,370,0,533502
14000US06037533503,140,6,37,442,43,33,10,399,106,293,0,533503
14000US06037533601,140,6,37,1142,105,72,33,1037,397,640,0,533601
14000US06037533602,140,6,37,1433,240,147,93,1193,160,1033,0,533602
14000US06037533603,140,6,37,1710,194,136,58,1516,350,1166,0,533603
14000US06037533701,140,6,37,934,129,112,17,805,169,636,0,533701
14000US06037533702,140,6,37,840,182,122,60,658,132,526,0,533702
14000US06037533703,140,6,37,970,190,77,113,780,183,597,0,533703
14000US06037533803,140,6,37,1616,233,147,86,1383,279,1104,0,533803
14000US06037533804,140,6,37,1238,119,48,71,1119,195,924,0,533804
14000US06037533805,140,6,37,938,129,68,61,809,155,654,0,533805
14000US06037533806,140,6,37,1025,166,90,76,859,266,593,0,533806
14000US06037533901,140,6,37,1431,93,45,48,1338,314,1024,0,533901
14000US06037533902,140,6,37,946,88,61,27,858,149,709,0,533902
14000US06037534001,140,6,37,1274,357,208,149,917,192,725,0,534001
14000US06037534002,140,6,37,1016,173,76,97,843,104,739,0,534002
14000US06037534101,140,6,37,497,73,44,29,424,65,359,0,534101
14000US06037534102,140,6,37,1493,295,178,117,1198,334,864,0,534102
14000US06037534201,140,6,37,1058,206,146,60,852,186,666,0,534201
14000US06037534202,140,6,37,1267,277,163,114,990,194,796,0,534202
14000US06037534203,140,6,37,826,97,23,74,729,158,571,0,534203
14000US06037534301,140,6,37,1124,308,218,90,816,178,638,0,534301
14000US06037534302,140,6,37,841,228,149,79,613,127,486,0,534302
14000US06037534403,140,6,37,725,86,44,42,639,152,487,0,534403
14000US06037534404,140,6,37,946,137,77,60,809,231,578,0,534404
14000US06037534405,140,6,37,927,164,74,90,763,179,584,0,534405
14000US06037534406,140,6,37,1029,208,97,111,821,265,556,0,534406
14000US06037534501,140,6,37,1203,211,66,145,992,108,884,0,534501
14000US06037534502,140,6,37,1032,232,166,66,800,123,677,0,534502
14000US06037534700,140,6,37,918,142,38,104,776,89,687,0,534700
14000US06037534802,140,6,37,634,97,18,79,537,99,438,0,534802
14000US06037534803,140,6,37,1127,202,135,67,925,166,759,0,534803
14000US06037534804,140,6,37,904,220,145,75,684,143,541,0,534804
14000US06037534900,140,6,37,1488,322,166,156,1166,272,894,0,534900
14000US06037535001,140,6,37,1003,280,170,110,723,178,545,0,535001
14000US06037535002,140,6,37,729,168,101,67,561,162,399,0,535002
14000US06037535101,140,6,37,1745,475,268,207,1270,181,1089,0,535101
14000US06037535102,140,6,37,940,266,154,112,674,143,531,0,535102
14000US06037535200,140,6,37,1267,354,196,158,913,150,763,0,535200
14000US06037535300,140,6,37,1458,431,263,168,1027,213,814,0,535300
14000US06037535400,140,6,37,704,211,152,59,493,109,384,0,535400
14000US06037535501,140,6,37,995,135,55,80,860,161,699,0,535501
14000US06037535502,140,6,37,1178,162,81,81,1016,136,880,0,535502
14000US06037535503,140,6,37,597,176,91,85,421,126,295,0,535503
14000US06037535603,140,6,37,828,171,122,49,657,117,540,0,535603
14000US06037535604,140,6,37,1028,189,85,104,839,208,631,0,535604
14000US06037535605,140,6,37,1095,219,75,144,876,214,662,0,535605
14000US06037535606,140,6,37,492,96,53,43,396,129,267,0,535606
14000US06037535607,140,6,37,1006,123,52,71,883,90,793,0,535607
14000US06037535701,140,6,37,1512,366,170,196,1146,169,977,0,535701
14000US06037535702,140,6,37,1340,205,97,108,1135,295,840,0,535702
14000US06037535802,140,6,37,1724,211,97,114,1513,301,1212,0,535802
14000US06037535803,140,6,37,1044,138,69,69,906,222,684,0,535803
14000US06037535804,140,6,37,1303,172,47,125,1131,329,802,0,535804
14000US06037535901,140,6,37,1426,140,6,134,1286,140,1146,0,535901
14000US06037535902,140,6,37,1569,133,15,118,1436,122,1314,0,535902
14000US06037536000,140,6,37,1005,142,67,75,863,112,751,0,536000
14000US06037536102,140,6,37,1036,46,20,26,990,237,753,0,536102
14000US06037536103,140,6,37,1503,143,67,76,1360,161,1199,0,536103
14000US06037536104,140,6,37,1021,189,115,74,832,145,687,0,536104
14000US06037536200,140,6,37,1914,118,77,41,1796,309,1487,0,536200
14000US06037540000,140,6,37,1519,229,115,114,1290,296,994,0,540000
14000US06037540101,140,6,37,1465,175,60,115,1290,124,1166,0,540101
14000US06037540102,140,6,37,1566,178,43,135,1388,144,1244,0,540102
14000US06037540201,140,6,37,573,82,65,17,491,205,286,0,540201
14000US06037540202,140,6,37,1689,494,322,172,1195,336,859,0,540202
14000US06037540203,140,6,37,1288,272,147,125,1016,161,855,0,540203
14000US06037540300,140,6,37,1155,327,114,213,828,134,694,0,540300
14000US06037540400,140,6,37,470,121,58,63,349,81,268,0,540400
14000US06037540501,140,6,37,1057,200,157,43,857,159,698,0,540501
14000US06037540502,140,6,37,1477,324,126,198,1153,275,878,0,540502
14000US06037540600,140,6,37,1043,199,144,55,844,240,604,0,540600
14000US06037540700,140,6,37,732,155,77,78,577,91,486,0,540700
14000US06037540800,140,6,37,1635,204,97,107,1431,125,1306,0,540800
14000US06037540901,140,6,37,1137,191,73,118,946,105,841,0,540901
14000US06037540902,140,6,37,1431,174,101,73,1257,180,1077,0,540902
14000US06037541001,140,6,37,302,21,7,14,281,48,233,0,541001
14000US06037541002,140,6,37,1049,41,9,32,1008,82,926,0,541002
14000US06037541100,140,6,37,864,130,56,74,734,123,611,0,541100
14000US06037541200,140,6,37,1825,246,111,135,1579,105,1474,0,541200
14000US06037541300,140,6,37,1483,231,102,129,1252,285,967,0,541300
14000US06037541400,140,6,37,1561,563,369,194,998,198,800,0,541400
14000US06037541500,140,6,37,1219,320,117,203,899,194,705,0,541500
14000US06037541603,140,6,37,634,246,165,81,388,82,306,0,541603
14000US06037541604,140,6,37,1417,294,205,89,1123,390,733,0,541604
14000US06037541605,140,6,37,1273,227,138,89,1046,166,880,0,541605
14000US06037541606,140,6,37,551,113,83,30,438,77,361,0,541606
14000US06037541700,140,6,37,1372,68,13,55,1304,202,1102,0,541700
14000US06037541801,140,6,37,1096,132,63,69,964,225,739,0,541801
14000US06037541802,140,6,37,1148,166,70,96,982,161,821,0,541802
14000US06037542000,140,6,37,1150,367,156,211,783,71,712,0,542000
14000US06037542103,140,6,37,815,218,64,154,597,95,502,0,542103
14000US06037542104,140,6,37,695,179,34,145,516,101,415,0,542104
14000US06037542105,140,6,37,1007,271,158,113,736,170,566,0,542105
14000US06037542106,140,6,37,657,180,85,95,477,112,365,0,542106
14000US06037542200,140,6,37,1498,256,186,70,1242,124,1118,0,542200
14000US06037542401,140,6,37,1191,221,97,124,970,127,843,0,542401
14000US06037542402,140,6,37,804,142,25,117,662,86,576,0,542402
14000US06037542501,140,6,37,1122,258,243,15,864,98,766,0,542501
14000US06037542502,140,6,37,1178,299,185,114,879,203,676,0,542502
14000US06037542601,140,6,37,663,198,93,105,465,94,371,0,542601
14000US06037542602,140,6,37,1405,324,181,143,1081,225,856,0,542602
14000US06037542700,140,6,37,1215,233,131,102,982,150,832,0,542700
14000US06037542800,140,6,37,901,146,24,122,755,62,693,0,542800
14000US06037542900,140,6,37,720,132,117,15,588,81,507,0,542900
14000US06037543000,140,6,37,1280,207,49,158,1073,142,931,0,543000
14000US06037543100,140,6,37,1751,203,83,120,1548,147,1401,0,543100
14000US06037543201,140,6,37,923,161,70,91,762,152,610,0,543201
14000US06037543202,140,6,37,1096,227,128,99,869,271,598,0,543202
14000US06037543304,140,6,37,1943,68,0,68,1875,102,1773,0,543304
14000US06037543305,140,6,37,1031,85,38,47,946,102,844,0,543305
14000US06037543306,140,6,37,1975,85,29,56,1890,83,1807,0,543306
14000US06037543321,140,6,37,1750,86,34,52,1664,87,1577,0,543321
14000US06037543322,140,6,37,2068,21,0,21,2047,149,1898,0,543322
14000US06037543400,140,6,37,955,112,59,53,843,66,777,0,543400
14000US06037543501,140,6,37,2016,125,46,79,1891,264,1627,0,543501
14000US06037543502,140,6,37,1350,67,26,41,1283,149,1134,0,543502
14000US06037543503,140,6,37,1731,83,0,83,1648,95,1553,0,543503
14000US06037543601,140,6,37,1060,110,17,93,950,22,928,0,543601
14000US06037543602,140,6,37,2566,123,75,48,2443,129,2314,0,543602
14000US06037543603,140,6,37,1492,58,29,29,1434,62,1372,0,543603
14000US06037543604,140,6,37,1348,31,6,25,1317,125,1192,0,543604
14000US06037543701,140,6,37,644,53,31,22,591,35,556,0,543701
14000US06037543702,140,6,37,1779,163,25,138,1616,132,1484,0,543702
14000US06037543703,140,6,37,943,57,16,41,886,30,856,0,543703
14000US06037543801,140,6,37,1458,40,0,40,1418,54,1364,0,543801
14000US06037543802,140,6,37,1909,51,20,31,1858,126,1732,0,543802
14000US06037543903,140,6,37,989,55,42,13,934,97,837,0,543903
14000US06037543905,140,6,37,957,173,91,82,784,77,707,0,543905
14000US06037544001,140,6,37,1147,159,59,100,988,130,858,0,544001
14000US06037544002,140,6,37,797,11,0,11,786,12,774,0,544002
14000US06037550000,140,6,37,174,12,0,12,162,9,153,0,550000
14000US06037550100,140,6,37,1830,172,62,110,1658,108,1550,0,550100
14000US06037550201,140,6,37,732,46,0,46,686,74,612,0,550201
14000US06037550202,140,6,37,1446,122,65,57,1324,58,1266,0,550202
14000US06037550300,140,6,37,1990,123,12,111,1867,108,1759,0,550300
14000US06037550400,140,6,37,403,17,0,17,386,10,376,0,550400
14000US06037550500,140,6,37,2171,122,40,82,2049,67,1982,0,550500
14000US06037550601,140,6,37,1612,138,35,103,1474,79,1395,0,550601
14000US06037550602,140,6,37,1211,61,0,61,1150,83,1067,0,550602
14000US06037550700,140,6,37,1926,49,16,33,1877,82,1795,0,550700
14000US06037550800,140,6,37,2157,92,45,47,2065,107,1958,0,550800
14000US06037550901,140,6,37,1283,112,48,64,1171,141,1030,0,550901
14000US06037550902,140,6,37,1829,126,80,46,1703,99,1604,0,550902
14000US06037551000,140,6,37,2246,72,62,10,2174,122,2052,0,551000
14000US06037551101,140,6,37,1166,179,63,116,987,249,738,0,551101
14000US06037551102,140,6,37,1627,176,113,63,1451,207,1244,0,551102
14000US06037551201,140,6,37,1093,20,0,20,1073,30,1043,0,551201
14000US06037551202,140,6,37,2092,81,0,81,2011,160,1851,0,551202
14000US06037551300,140,6,37,1778,93,26,67,1685,177,1508,0,551300
14000US06037551401,140,6,37,1384,117,117,0,1267,201,1066,0,551401
14000US06037551402,140,6,37,1244,33,9,24,1211,89,1122,0,551402
14000US06037551501,140,6,37,1419,72,26,46,1347,81,1266,0,551501
14000US06037551502,140,6,37,1191,170,156,14,1021,53,968,0,551502
14000US06037551600,140,6,37,0,0,0,0,0,0,0,0,551600
14000US06037551700,140,6,37,1654,133,39,94,1521,219,1302,0,551700
14000US06037551800,140,6,37,2297,117,15,102,2180,224,1956,0,551800
14000US06037551900,140,6,37,1450,115,80,35,1335,104,1231,0,551900
14000US06037552001,140,6,37,990,30,0,30,960,61,899,0,552001
14000US06037552002,140,6,37,985,46,22,24,939,111,828,0,552002
14000US06037552100,140,6,37,1896,176,69,107,1720,344,1376,0,552100
14000US06037552200,140,6,37,1708,249,147,102,1459,208,1251,0,552200
14000US06037552301,140,6,37,1253,152,32,120,1101,15,1086,0,552301
14000US06037552302,140,6,37,1149,130,55,75,1019,132,887,0,552302
14000US06037552400,140,6,37,547,57,23,34,490,41,449,0,552400
14000US06037552601,140,6,37,1182,162,7,155,1020,142,878,0,552601
14000US06037552602,140,6,37,1100,80,55,25,1020,84,936,0,552602
14000US06037552700,140,6,37,1732,116,35,81,1616,169,1447,0,552700
14000US06037552800,140,6,37,1589,148,90,58,1441,236,1205,0,552800
14000US06037552900,140,6,37,1936,121,103,18,1815,179,1636,0,552900
14000US06037553000,140,6,37,1196,47,0,47,1149,54,1095,0,553000
14000US06037553100,140,6,37,1879,112,0,112,1767,187,1580,0,553100
14000US06037553200,140,6,37,1976,152,51,101,1824,127,1697,0,553200
14000US06037553300,140,6,37,961,108,88,20,853,116,737,0,553300
14000US06037553400,140,6,37,943,129,44,85,814,68,746,0,553400
14000US06037553502,140,6,37,1223,156,83,73,1067,85,982,0,553502
14000US06037553503,140,6,37,746,98,23,75,648,91,557,0,553503
14000US06037553504,140,6,37,1297,235,104,131,1062,136,926,0,553504
14000US06037553601,140,6,37,1218,143,60,83,1075,147,928,0,553601
14000US06037553602,140,6,37,1268,157,54,103,1111,135,976,0,553602
14000US06037553701,140,6,37,875,170,66,104,705,175,530,0,553701
14000US06037553702,140,6,37,1019,217,119,98,802,131,671,0,553702
14000US06037553801,140,6,37,1030,152,76,76,878,112,766,0,553801
14000US06037553802,140,6,37,1889,246,153,93,1643,452,1191,0,553802
14000US06037553901,140,6,37,1699,160,84,76,1539,230,1309,0,553901
14000US06037553902,140,6,37,1562,166,67,99,1396,267,1129,0,553902
14000US06037554001,140,6,37,1182,34,9,25,1148,75,1073,0,554001
14000US06037554002,140,6,37,1724,199,105,94,1525,285,1240,0,554002
14000US06037554101,140,6,37,1044,168,63,105,876,86,790,0,554101
14000US06037554103,140,6,37,455,0,0,0,455,17,438,0,554103
14000US06037554104,140,6,37,782,53,17,36,729,73,656,0,554104
14000US06037554105,140,6,37,1559,221,140,81,1338,273,1065,0,554105
14000US06037554201,140,6,37,1108,96,20,76,1012,40,972,0,554201
14000US06037554203,140,6,37,1177,47,12,35,1130,248,882,0,554203
14000US06037554204,140,6,37,1561,253,112,141,1308,328,980,0,554204
14000US06037554301,140,6,37,961,195,58,137,766,62,704,0,554301
14000US06037554302,140,6,37,1142,230,46,184,912,203,709,0,554302
14000US06037554403,140,6,37,1678,221,146,75,1457,211,1246,0,554403
14000US06037554404,140,6,37,1324,249,60,189,1075,104,971,0,554404
14000US06037554405,140,6,37,1267,97,57,40,1170,144,1026,0,554405
14000US06037554406,140,6,37,1729,51,51,0,1678,108,1570,0,554406
14000US06037554511,140,6,37,1139,0,0,0,1139,40,1099,0,554511
14000US06037554512,140,6,37,1796,21,0,21,1775,23,1752,0,554512
14000US06037554513,140,6,37,801,6,0,6,795,9,786,0,554513
14000US06037554514,140,6,37,1438,20,0,20,1418,115,1303,0,554514
14000US06037554515,140,6,37,1094,33,8,25,1061,33,1028,0,554515
14000US06037554516,140,6,37,1148,11,0,11,1137,106,1031,0,554516
14000US06037554517,140,6,37,1498,36,9,27,1462,115,1347,0,554517
14000US06037554518,140,6,37,1624,12,0,12,1612,100,1512,0,554518
14000US06037554519,140,6,37,1159,15,0,15,1144,93,1051,0,554519
14000US06037554521,140,6,37,1893,0,0,0,1893,176,1717,0,554521
14000US06037554522,140,6,37,1486,47,0,47,1439,57,1382,0,554522
14000US06037554600,140,6,37,1290,111,88,23,1179,136,1043,0,554600
14000US06037554700,140,6,37,1010,101,48,53,909,69,840,0,554700
14000US06037554801,140,6,37,735,129,43,86,606,68,538,0,554801
14000US06037554802,140,6,37,1784,37,10,27,1747,141,1606,0,554802
14000US06037554900,140,6,37,2035,11,11,0,2024,342,1682,0,554900
14000US06037555001,140,6,37,1589,133,64,69,1456,140,1316,0,555001
14000US06037555002,140,6,37,1109,144,46,98,965,94,871,0,555002
14000US06037555102,140,6,37,1983,236,107,129,1747,252,1495,0,555102
14000US06037555103,140,6,37,1338,56,35,21,1282,74,1208,0,555103
14000US06037555104,140,6,37,1336,79,25,54,1257,81,1176,0,555104
14000US06037555202,140,6,37,1172,20,0,20,1152,73,1079,0,555202
14000US06037555211,140,6,37,1285,210,169,41,1075,139,936,0,555211
14000US06037555212,140,6,37,1234,220,98,122,1014,180,834,0,555212
14000US06037570001,140,6,37,1389,45,0,45,1344,35,1309,0,570001
14000US06037570002,140,6,37,841,16,3,13,825,68,757,0,570002
14000US06037570003,140,6,37,1445,50,23,27,1395,95,1300,0,570003
14000US06037570100,140,6,37,736,11,0,11,725,41,684,0,570100
14000US06037570202,140,6,37,1607,216,148,68,1391,198,1193,0,570202
14000US06037570203,140,6,37,1139,239,92,147,900,154,746,0,570203
14000US06037570204,140,6,37,998,183,117,66,815,140,675,0,570204
14000US06037570301,140,6,37,2151,469,301,168,1682,245,1437,0,570301
14000US06037570303,140,6,37,1133,196,139,57,937,142,795,0,570303
14000US06037570304,140,6,37,1451,340,216,124,1111,209,902,0,570304
14000US06037570402,140,6,37,932,61,44,17,871,42,829,0,570402
14000US06037570403,140,6,37,1096,307,153,154,789,184,605,0,570403
14000US06037570404,140,6,37,818,202,98,104,616,65,551,0,570404
14000US06037570501,140,6,37,2198,116,100,16,2082,177,1905,0,570501
14000US06037570502,140,6,37,1810,254,91,163,1556,177,1379,0,570502
14000US06037570601,140,6,37,1493,178,102,76,1315,159,1156,0,570601
14000US06037570602,140,6,37,1819,289,91,198,1530,293,1237,0,570602
14000US06037570603,140,6,37,1599,340,202,138,1259,306,953,0,570603
14000US06037570701,140,6,37,2441,103,36,67,2338,282,2056,0,570701
14000US06037570702,140,6,37,841,28,11,17,813,55,758,0,570702
14000US06037570800,140,6,37,1839,74,20,54,1765,83,1682,0,570800
14000US06037570901,140,6,37,1876,14,0,14,1862,95,1767,0,570901
14000US06037570902,140,6,37,1244,11,11,0,1233,89,1144,0,570902
14000US06037571000,140,6,37,1942,19,6,13,1923,43,1880,0,571000
14000US06037571101,140,6,37,1555,9,0,9,1546,47,1499,0,571101
14000US06037571102,140,6,37,1359,0,0,0,1359,71,1288,0,571102
14000US06037571200,140,6,37,3084,65,47,18,3019,104,2915,0,571200
14000US06037571300,140,6,37,1441,28,8,20,1413,58,1355,0,571300
14000US06037571400,140,6,37,1699,47,0,47,1652,84,1568,0,571400
14000US06037571502,140,6,37,1720,92,39,53,1628,126,1502,0,571502
14000US06037571503,140,6,37,1189,74,22,52,1115,114,1001,0,571503
14000US06037571504,140,6,37,1799,123,49,74,1676,115,1561,0,571504
14000US06037571600,140,6,37,766,286,234,52,480,241,239,0,571600
14000US06037571701,140,6,37,1711,254,112,142,1457,254,1203,0,571701
14000US06037571703,140,6,37,1044,123,21,102,921,248,673,0,571703
14000US06037571704,140,6,37,1101,221,135,86,880,92,788,0,571704
14000US06037571800,140,6,37,1332,7,0,7,1325,78,1247,0,571800
14000US06037571900,140,6,37,2404,120,45,75,2284,66,2218,0,571900
14000US06037572001,140,6,37,2209,30,0,30,2179,169,2010,0,572001
14000US06037572002,140,6,37,1768,31,5,26,1737,156,1581,0,572002
14000US06037572100,140,6,37,318,0,0,0,318,22,296,0,572100
14000US06037572201,140,6,37,2098,234,37,197,1864,81,1783,0,572201
14000US06037572202,140,6,37,1045,63,21,42,982,57,925,0,572202
14000US06037572301,140,6,37,977,135,55,80,842,116,726,0,572301
14000US06037572302,140,6,37,835,127,49,78,708,65,643,0,572302
14000US06037572400,140,6,37,267,31,13,18,236,19,217,0,572400
14000US06037572500,140,6,37,1234,378,250,128,856,173,683,0,572500
14000US06037572600,140,6,37,1283,120,46,74,1163,101,1062,0,572600
14000US06037572700,140,6,37,1338,169,87,82,1169,26,1143,0,572700
14000US06037572800,140,6,37,277,63,26,37,214,62,152,0,572800
14000US06037572900,140,6,37,1276,308,159,149,968,106,862,0,572900
14000US06037573002,140,6,37,1103,292,251,41,811,188,623,0,573002
14000US06037573003,140,6,37,567,90,65,25,477,176,301,0,573003
14000US06037573004,140,6,37,1510,434,309,125,1076,251,825,0,573004
14000US06037573100,140,6,37,2400,340,127,213,2060,198,1862,0,573100
14000US06037573201,140,6,37,1355,239,178,61,1116,268,848,0,573201
14000US06037573202,140,6,37,1506,461,212,249,1045,195,850,0,573202
14000US06037573300,140,6,37,999,382,265,117,617,131,486,0,573300
14000US06037573401,140,6,37,494,46,18,28,448,55,393,0,573401
14000US06037573402,140,6,37,2220,137,51,86,2083,253,1830,0,573402
14000US06037573403,140,6,37,1282,10,10,0,1272,81,1191,0,573403
14000US06037573601,140,6,37,2349,19,0,19,2330,76,2254,0,573601
14000US06037573700,140,6,37,1710,30,15,15,1680,19,1661,0,573700
14000US06037573800,140,6,37,1525,16,7,9,1509,58,1451,0,573800
14000US06037573902,140,6,37,881,23,0,23,858,27,831,0,573902
14000US06037574000,140,6,37,1969,21,0,21,1948,66,1882,0,574000
14000US06037574100,140,6,37,1902,63,15,48,1839,114,1725,0,574100
14000US06037574201,140,6,37,1107,0,0,0,1107,73,1034,0,574201
14000US06037574202,140,6,37,688,13,5,8,675,70,605,0,574202
14000US06037574300,140,6,37,2184,21,0,21,2163,128,2035,0,574300
14000US06037574400,140,6,37,1977,13,0,13,1964,49,1915,0,574400
14000US06037574500,140,6,37,2256,0,0,0,2256,194,2062,0,574500
14000US06037574601,140,6,37,0,0,0,0,0,0,0,0,574601
14000US06037574602,140,6,37,560,0,0,0,560,4,556,0,574602
14000US06037574700,140,6,37,0,0,0,0,0,0,0,0,574700
14000US06037574800,140,6,37,1448,8,0,8,1440,154,1286,0,574800
14000US06037574901,140,6,37,1434,47,40,7,1387,54,1333,0,574901
14000US06037574902,140,6,37,1842,29,5,24,1813,362,1451,0,574902
14000US06037575001,140,6,37,1619,15,6,9,1604,287,1317,0,575001
14000US06037575002,140,6,37,1976,93,9,84,1883,132,1751,0,575002
14000US06037575101,140,6,37,1397,337,176,161,1060,294,766,0,575101
14000US06037575102,140,6,37,1198,373,290,83,825,213,612,0,575102
14000US06037575103,140,6,37,1982,292,173,119,1690,337,1353,0,575103
14000US06037575201,140,6,37,1311,281,144,137,1030,232,798,0,575201
14000US06037575202,140,6,37,1238,379,208,171,859,150,709,0,575202
14000US06037575300,140,6,37,1274,459,194,265,815,218,597,0,575300
14000US06037575401,140,6,37,1206,339,162,177,867,223,644,0,575401
14000US06037575402,140,6,37,1040,336,157,179,704,210,494,0,575402
14000US06037575500,140,6,37,8,0,0,0,8,0,8,0,575500
14000US06037575801,140,6,37,682,235,135,100,447,117,330,0,575801
14000US06037575802,140,6,37,1519,464,206,258,1055,304,751,0,575802
14000US06037575803,140,6,37,1150,277,167,110,873,266,607,0,575803
14000US06037575901,140,6,37,1209,234,164,70,975,167,808,0,575901
14000US06037575902,140,6,37,2759,235,147,88,2524,598,1926,0,575902
14000US06037576001,140,6,37,3009,115,51,64,2894,351,2543,0,576001
14000US06037576200,140,6,37,2773,390,232,158,2383,628,1755,0,576200
14000US06037576301,140,6,37,1600,246,159,87,1354,335,1019,0,576301
14000US06037576302,140,6,37,1175,277,184,93,898,299,599,0,576302
14000US06037576401,140,6,37,1195,409,264,145,786,168,618,0,576401
14000US06037576402,140,6,37,1281,360,313,47,921,149,772,0,576402
14000US06037576403,140,6,37,1461,482,363,119,979,242,737,0,576403
14000US06037576501,140,6,37,1500,144,85,59,1356,233,1123,0,576501
14000US06037576502,140,6,37,2094,356,171,185,1738,204,1534,0,576502
14000US06037576503,140,6,37,1825,231,189,42,1594,358,1236,0,576503
14000US06037576601,140,6,37,2854,116,63,53,2738,449,2289,0,576601
14000US06037576602,140,6,37,2571,75,28,47,2496,246,2250,0,576602
14000US06037576700,140,6,37,2197,15,0,15,2182,176,2006,0,576700
14000US06037576801,140,6,37,1926,81,48,33,1845,374,1471,0,576801
14000US06037576802,140,6,37,1883,119,47,72,1764,143,1621,0,576802
14000US06037576901,140,6,37,1853,299,246,53,1554,296,1258,0,576901
14000US06037576903,140,6,37,1403,270,128,142,1133,138,995,0,576903
14000US06037576904,140,6,37,1166,121,35,86,1045,231,814,0,576904
14000US06037577000,140,6,37,3038,131,53,78,2907,507,2400,0,577000
14000US06037577100,140,6,37,3467,54,12,42,3413,385,3028,0,577100
14000US06037577200,140,6,37,3240,0,0,0,3240,288,2952,0,577200
14000US06037577300,140,6,37,2989,29,29,0,2960,253,2707,0,577300
14000US06037577400,140,6,37,1624,11,0,11,1613,93,1520,0,577400
14000US06037577501,140,6,37,1710,15,8,7,1695,134,1561,0,577501
14000US06037577504,140,6,37,690,0,0,0,690,30,660,0,577504
14000US06037577602,140,6,37,1650,21,0,21,1629,104,1525,0,577602
14000US06037577603,140,6,37,3755,58,15,43,3697,366,3331,0,577603
14000US06037577604,140,6,37,732,0,0,0,732,27,705,0,577604
14000US06037599000,140,6,37,1192,67,38,29,1125,88,1037,0,599000
14000US06037599100,140,6,37,118,9,0,9,109,0,109,0,599100
14000US06037600100,140,6,37,1989,763,460,303,1226,397,829,0,600100
14000US06037600201,140,6,37,1182,196,134,62,986,301,685,0,600201
14000US06037600202,140,6,37,2093,371,245,126,1722,423,1299,0,600202
14000US06037600302,140,6,37,1033,105,60,45,928,149,779,0,600302
14000US06037600303,140,6,37,1140,411,325,86,729,219,510,0,600303
14000US06037600304,140,6,37,969,202,112,90,767,206,561,0,600304
14000US06037600400,140,6,37,1512,197,108,89,1315,134,1181,0,600400
14000US06037600501,140,6,37,902,46,12,34,856,104,752,0,600501
14000US06037600502,140,6,37,680,14,4,10,666,39,627,0,600502
14000US06037600601,140,6,37,831,47,4,43,784,104,680,0,600601
14000US06037600602,140,6,37,701,215,127,88,486,143,343,0,600602
14000US06037600702,140,6,37,1297,77,28,49,1220,114,1106,0,600702
14000US06037600703,140,6,37,902,0,0,0,902,49,853,0,600703
14000US06037600704,140,6,37,1213,75,75,0,1138,68,1070,0,600704
14000US06037600801,140,6,37,1230,35,0,35,1195,127,1068,0,600801
14000US06037600802,140,6,37,1148,99,46,53,1049,102,947,0,600802
14000US06037600902,140,6,37,2515,251,81,170,2264,496,1768,0,600902
14000US06037600911,140,6,37,1086,121,34,87,965,139,826,0,600911
14000US06037600912,140,6,37,1515,236,100,136,1279,86,1193,0,600912
14000US06037601001,140,6,37,1025,89,0,89,936,132,804,0,601001
14000US06037601002,140,6,37,2121,353,179,174,1768,250,1518,0,601002
14000US06037601100,140,6,37,2128,265,148,117,1863,452,1411,0,601100
14000US06037601202,140,6,37,1061,162,92,70,899,137,762,0,601202
14000US06037601211,140,6,37,1087,95,29,66,992,273,719,0,601211
14000US06037601212,140,6,37,2058,274,213,61,1784,367,1417,0,601212
14000US06037601301,140,6,37,747,28,17,11,719,74,645,0,601301
14000US06037601302,140,6,37,2914,477,139,338,2437,208,2229,0,601302
14000US06037601303,140,6,37,2061,235,84,151,1826,358,1468,0,601303
14000US06037601401,140,6,37,1520,246,139,107,1274,83,1191,0,601401
14000US06037601402,140,6,37,1372,87,62,25,1285,125,1160,0,601402
14000US06037601501,140,6,37,1094,185,128,57,909,253,656,0,601501
14000US06037601502,140,6,37,852,109,38,71,743,255,488,0,601502
14000US06037601600,140,6,37,1026,107,66,41,919,283,636,0,601600
14000US06037601700,140,6,37,1335,253,149,104,1082,366,716,0,601700
14000US06037601801,140,6,37,860,145,80,65,715,249,466,0,601801
14000US06037601802,140,6,37,1013,156,57,99,857,197,660,0,601802
14000US06037601900,140,6,37,1250,259,155,104,991,323,668,0,601900
14000US06037602002,140,6,37,833,124,74,50,709,140,569,0,602002
14000US06037602003,140,6,37,1288,232,147,85,1056,164,892,0,602003
14000US06037602004,140,6,37,995,215,103,112,780,137,643,0,602004
14000US06037602103,140,6,37,2045,274,161,113,1771,271,1500,0,602103
14000US06037602104,140,6,37,1730,212,105,107,1518,345,1173,0,602104
14000US06037602105,140,6,37,1401,237,114,123,1164,118,1046,0,602105
14000US06037602106,140,6,37,2143,73,16,57,2070,199,1871,0,602106
14000US06037602200,140,6,37,2529,112,0,112,2417,376,2041,0,602200
14000US06037602301,140,6,37,1857,66,66,0,1791,111,1680,0,602301
14000US06037602302,140,6,37,1374,26,0,26,1348,27,1321,0,602302
14000US06037602402,140,6,37,2094,138,11,127,1956,192,1764,0,602402
14000US06037602403,140,6,37,1725,212,98,114,1513,178,1335,0,602403
14000US06037602404,140,6,37,1958,290,122,168,1668,148,1520,0,602404
14000US06037602504,140,6,37,1705,239,138,101,1466,179,1287,0,602504
14000US06037602505,140,6,37,1617,195,149,46,1422,316,1106,0,602505
14000US06037602506,140,6,37,1606,215,126,89,1391,224,1167,0,602506
14000US06037602507,140,6,37,1596,214,139,75,1382,291,1091,0,602507
14000US06037602508,140,6,37,2327,268,181,87,2059,241,1818,0,602508
14000US06037602509,140,6,37,1099,82,10,72,1017,305,712,0,602509
14000US06037602600,140,6,37,2842,304,115,189,2538,282,2256,0,602600
14000US06037602700,140,6,37,1097,112,39,73,985,73,912,0,602700
14000US06037602801,140,6,37,1134,230,188,42,904,249,655,0,602801
14000US06037602802,140,6,37,1253,149,118,31,1104,152,952,0,602802
14000US06037602900,140,6,37,1256,113,67,46,1143,180,963,0,602900
14000US06037603001,140,6,37,2374,213,113,100,2161,350,1811,0,603001
14000US06037603004,140,6,37,662,56,48,8,606,38,568,0,603004
14000US06037603005,140,6,37,1761,115,115,0,1646,299,1347,0,603005
14000US06037603006,140,6,37,888,7,7,0,881,45,836,0,603006
14000US06037603101,140,6,37,1643,103,54,49,1540,266,1274,0,603101
14000US06037603102,140,6,37,1430,61,23,38,1369,266,1103,0,603102
14000US06037603200,140,6,37,1172,12,0,12,1160,83,1077,0,603200
14000US06037603301,140,6,37,1555,60,7,53,1495,173,1322,0,603301
14000US06037603302,140,6,37,1591,36,29,7,1555,227,1328,0,603302
14000US06037603400,140,6,37,1392,74,58,16,1318,117,1201,0,603400
14000US06037603500,140,6,37,934,9,0,9,925,27,898,0,603500
14000US06037603600,140,6,37,1419,23,0,23,1396,108,1288,0,603600
14000US06037603702,140,6,37,1604,93,22,71,1511,132,1379,0,603702
14000US06037603703,140,6,37,832,5,0,5,827,46,781,0,603703
14000US06037603704,140,6,37,2093,223,111,112,1870,333,1537,0,603704
14000US06037603801,140,6,37,1381,132,34,98,1249,187,1062,0,603801
14000US06037603802,140,6,37,1146,51,14,37,1095,253,842,0,603802
14000US06037603900,140,6,37,2318,149,31,118,2169,227,1942,0,603900
14000US06037604001,140,6,37,1263,101,38,63,1162,279,883,0,604001
14000US06037604002,140,6,37,1506,54,15,39,1452,212,1240,0,604002
14000US06037604100,140,6,37,1998,191,82,109,1807,204,1603,0,604100
14000US06037609900,140,6,37,651,0,0,0,651,22,629,0,609900
14000US06037620001,140,6,37,1481,69,38,31,1412,29,1383,0,620001
14000US06037620002,140,6,37,1507,8,0,8,1499,128,1371,0,620002
14000US06037620101,140,6,37,2152,16,16,0,2136,116,2020,0,620101
14000US06037620102,140,6,37,1605,16,0,16,1589,25,1564,0,620102
14000US06037620201,140,6,37,788,0,0,0,788,93,695,0,620201
14000US06037620301,140,6,37,1745,9,0,9,1736,21,1715,0,620301
14000US06037620303,140,6,37,1684,6,0,6,1678,67,1611,0,620303
14000US06037620305,140,6,37,2731,0,0,0,2731,113,2618,0,620305
14000US06037620400,140,6,37,2140,23,23,0,2117,74,2043,0,620400
14000US06037620501,140,6,37,2108,18,18,0,2090,70,2020,0,620501
14000US06037620521,140,6,37,1614,78,35,43,1536,141,1395,0,620521
14000US06037620522,140,6,37,1819,32,24,8,1787,111,1676,0,620522
14000US06037620601,140,6,37,2348,130,48,82,2218,101,2117,0,620601
14000US06037620602,140,6,37,2059,31,15,16,2028,59,1969,0,620602
14000US06037620701,140,6,37,2783,0,0,0,2783,117,2666,0,620701
14000US06037620702,140,6,37,2541,72,10,62,2469,78,2391,0,620702
14000US06037620800,140,6,37,2871,26,0,26,2845,80,2765,0,620800
14000US06037620901,140,6,37,974,4,0,4,970,5,965,0,620901
14000US06037620904,140,6,37,1127,0,0,0,1127,49,1078,0,620904
14000US06037621001,140,6,37,2059,8,0,8,2051,78,1973,0,621001
14000US06037621002,140,6,37,505,58,0,58,447,6,441,0,621002
14000US06037621004,140,6,37,2317,0,0,0,2317,169,2148,0,621004
14000US06037621102,140,6,37,1275,0,0,0,1275,65,1210,0,621102
14000US06037621104,140,6,37,3136,0,0,0,3136,57,3079,0,621104
14000US06037621201,140,6,37,2640,14,14,0,2626,112,2514,0,621201
14000US06037621204,140,6,37,1799,17,0,17,1782,75,1707,0,621204
14000US06037621301,140,6,37,3049,63,0,63,2986,298,2688,0,621301
14000US06037621324,140,6,37,1932,15,0,15,1917,90,1827,0,621324
14000US06037621326,140,6,37,1869,38,20,18,1831,56,1775,0,621326
14000US06037621400,140,6,37,1892,53,30,23,1839,64,1775,0,621400
14000US06037650001,140,6,37,2132,15,0,15,2117,110,2007,0,650001
14000US06037650003,140,6,37,1095,36,8,28,1059,135,924,0,650003
14000US06037650004,140,6,37,1577,151,51,100,1426,196,1230,0,650004
14000US06037650101,140,6,37,2088,0,0,0,2088,79,2009,0,650101
14000US06037650102,140,6,37,788,18,7,11,770,26,744,0,650102
14000US06037650200,140,6,37,1889,64,14,50,1825,94,1731,0,650200
14000US06037650300,140,6,37,2499,67,24,43,2432,257,2175,0,650300
14000US06037650401,140,6,37,1445,18,6,12,1427,42,1385,0,650401
14000US06037650501,140,6,37,1083,11,0,11,1072,94,978,0,650501
14000US06037650502,140,6,37,1544,0,0,0,1544,97,1447,0,650502
14000US06037650602,140,6,37,3051,156,29,127,2895,362,2533,0,650602
14000US06037650603,140,6,37,1603,37,21,16,1566,178,1388,0,650603
14000US06037650604,140,6,37,2507,51,38,13,2456,344,2112,0,650604
14000US06037650605,140,6,37,1144,60,0,60,1084,83,1001,0,650605
14000US06037650701,140,6,37,905,0,0,0,905,63,842,0,650701
14000US06037650702,140,6,37,1586,5,0,5,1581,33,1548,0,650702
14000US06037650800,140,6,37,2910,18,0,18,2892,171,2721,0,650800
14000US06037650901,140,6,37,2427,91,65,26,2336,169,2167,0,650901
14000US06037650902,140,6,37,2635,118,59,59,2517,152,2365,0,650902
14000US06037651001,140,6,37,1877,64,27,37,1813,163,1650,0,651001
14000US06037651002,140,6,37,1715,6,0,6,1709,89,1620,0,651002
14000US06037651101,140,6,37,1938,16,0,16,1922,100,1822,0,651101
14000US06037651102,140,6,37,1725,43,21,22,1682,194,1488,0,651102
14000US06037651201,140,6,37,1709,11,0,11,1698,18,1680,0,651201
14000US06037651221,140,6,37,1306,25,0,25,1281,186,1095,0,651221
14000US06037651222,140,6,37,2361,46,0,46,2315,93,2222,0,651222
14000US06037651302,140,6,37,2437,61,0,61,2376,131,2245,0,651302
14000US06037651304,140,6,37,2308,41,28,13,2267,120,2147,0,651304
14000US06037651401,140,6,37,1103,0,0,0,1103,102,1001,0,651401
14000US06037651402,140,6,37,2397,0,0,0,2397,166,2231,0,651402
14000US06037670001,140,6,37,1232,30,14,16,1202,92,1110,0,670001
14000US06037670002,140,6,37,1452,44,33,11,1408,186,1222,0,670002
14000US06037670003,140,6,37,2203,42,0,42,2161,322,1839,0,670003
14000US06037670100,140,6,37,2831,51,14,37,2780,365,2415,0,670100
14000US06037670201,140,6,37,1569,14,5,9,1555,20,1535,0,670201
14000US06037670202,140,6,37,927,6,0,6,921,28,893,0,670202
14000US06037670324,140,6,37,1921,0,0,0,1921,59,1862,0,670324
14000US06037670326,140,6,37,1321,8,8,0,1313,30,1283,0,670326
14000US06037670328,140,6,37,1572,0,0,0,1572,72,1500,0,670328
14000US06037670403,140,6,37,909,4,0,4,905,54,851,0,670403
14000US06037670405,140,6,37,1170,0,0,0,1170,63,1107,0,670405
14000US06037670406,140,6,37,657,0,0,0,657,23,634,0,670406
14000US06037670407,140,6,37,2183,20,0,20,2163,103,2060,0,670407
14000US06037670411,140,6,37,1506,0,0,0,1506,7,1499,0,670411
14000US06037670413,140,6,37,1822,25,0,25,1797,140,1657,0,670413
14000US06037670416,140,6,37,1521,42,16,26,1479,72,1407,0,670416
14000US06037670500,140,6,37,615,0,0,0,615,9,606,0,670500
14000US06037670602,140,6,37,2869,0,0,0,2869,79,2790,0,670602
14000US06037670701,140,6,37,2500,53,53,0,2447,79,2368,0,670701
14000US06037670702,140,6,37,1960,36,0,36,1924,123,1801,0,670702
14000US06037700101,140,6,37,3098,64,33,31,3034,734,2300,0,700101
14000US06037700102,140,6,37,2259,129,70,59,2130,636,1494,0,700102
14000US06037700200,140,6,37,4308,77,77,0,4231,587,3644,0,700200
14000US06037700300,140,6,37,3662,0,0,0,3662,260,3402,0,700300
14000US06037700400,140,6,37,3138,45,32,13,3093,431,2662,0,700400
14000US06037700501,140,6,37,2492,49,0,49,2443,283,2160,0,700501
14000US06037700502,140,6,37,3023,14,14,0,3009,365,2644,0,700502
14000US06037700600,140,6,37,1655,17,0,17,1638,72,1566,0,700600
14000US06037700700,140,6,37,1068,0,0,0,1068,47,1021,0,700700
14000US06037700801,140,6,37,2685,54,41,13,2631,411,2220,0,700801
14000US06037700802,140,6,37,1792,26,19,7,1766,176,1590,0,700802
14000US06037700901,140,6,37,1520,28,11,17,1492,164,1328,0,700901
14000US06037700902,140,6,37,3068,8,8,0,3060,312,2748,0,700902
14000US06037701000,140,6,37,2733,23,12,11,2710,192,2518,0,701000
14000US06037701100,140,6,37,26,0,0,0,26,0,26,0,701100
14000US06037701201,140,6,37,1561,0,0,0,1561,53,1508,0,701201
14000US06037701202,140,6,37,1845,29,0,29,1816,164,1652,0,701202
14000US06037701302,140,6,37,2847,34,34,0,2813,151,2662,0,701302
14000US06037701304,140,6,37,3329,31,31,0,3298,376,2922,0,701304
14000US06037701402,140,6,37,4175,199,113,86,3976,514,3462,0,701402
14000US06037701501,140,6,37,2668,13,13,0,2655,118,2537,0,701501
14000US06037701502,140,6,37,1967,67,32,35,1900,214,1686,0,701502
14000US06037701601,140,6,37,1892,21,11,10,1871,75,1796,0,701601
14000US06037701602,140,6,37,1966,0,0,0,1966,215,1751,0,701602
14000US06037701701,140,6,37,1666,15,0,15,1651,222,1429,0,701701
14000US06037701702,140,6,37,1714,16,7,9,1698,314,1384,0,701702
14000US06037701801,140,6,37,2583,129,78,51,2454,456,1998,0,701801
14000US06037701802,140,6,37,1840,83,31,52,1757,239,1518,0,701802
14000US06037701902,140,6,37,2527,0,0,0,2527,417,2110,0,701902
14000US06037702002,140,6,37,3163,104,88,16,3059,341,2718,0,702002
14000US06037702102,140,6,37,3754,119,75,44,3635,294,3341,0,702102
14000US06037702201,140,6,37,2280,124,14,110,2156,384,1772,0,702201
14000US06037702202,140,6,37,1684,27,12,15,1657,199,1458,0,702202
14000US06037702300,140,6,37,2978,38,38,0,2940,421,2519,0,702300
14000US06037702400,140,6,37,1805,15,0,15,1790,139,1651,0,702400
14000US06037702501,140,6,37,2034,17,0,17,2017,214,1803,0,702501
14000US06037702502,140,6,37,2143,0,0,0,2143,115,2028,0,702502
14000US06037702600,140,6,37,2215,43,15,28,2172,109,2063,0,702600
14000US06037702700,140,6,37,1270,0,0,0,1270,40,1230,0,702700
14000US06037702801,140,6,37,2087,81,66,15,2006,248,1758,0,702801
14000US06037702802,140,6,37,835,16,16,0,819,55,764,0,702802
14000US06037702803,140,6,37,1188,35,28,7,1153,119,1034,0,702803
14000US06037702901,140,6,37,5421,139,68,71,5282,324,4958,0,702901
14000US06037703001,140,6,37,3107,28,0,28,3079,275,2804,0,703001
14000US06037703002,140,6,37,2977,39,0,39,2938,126,2812,0,703002
14000US06037703100,140,6,37,2348,50,16,34,2298,139,2159,0,703100
14000US06037703200,140,6,37,2253,129,41,88,2124,146,1978,0,703200
14000US06037800101,140,6,37,2011,12,0,12,1999,27,1972,0,800101
14000US06037800102,140,6,37,2671,27,15,12,2644,161,2483,0,800102
14000US06037800202,140,6,37,2062,0,0,0,2062,114,1948,0,800202
14000US06037800203,140,6,37,1919,44,31,13,1875,92,1783,0,800203
14000US06037800204,140,6,37,1744,0,0,0,1744,105,1639,0,800204
14000US06037800324,140,6,37,2455,14,0,14,2441,74,2367,0,800324
14000US06037800325,140,6,37,1454,0,0,0,1454,103,1351,0,800325
14000US06037800326,140,6,37,2033,21,0,21,2012,131,1881,0,800326
14000US06037800327,140,6,37,2017,165,63,102,1852,283,1569,0,800327
14000US06037800328,140,6,37,986,0,0,0,986,97,889,0,800328
14000US06037800329,140,6,37,2540,13,0,13,2527,158,2369,0,800329
14000US06037800330,140,6,37,324,21,21,0,303,18,285,0,800330
14000US06037800331,140,6,37,275,14,0,14,261,15,246,0,800331
14000US06037800332,140,6,37,2175,11,0,11,2164,46,2118,0,800332
14000US06037800406,140,6,37,809,0,0,0,809,22,787,0,800406
14000US06037800408,140,6,37,2791,71,55,16,2720,242,2478,0,800408
14000US06037800410,140,6,37,648,0,0,0,648,13,635,0,800410
14000US06037800504,140,6,37,1034,8,8,0,1026,101,925,0,800504
14000US06037800506,140,6,37,1374,22,10,12,1352,92,1260,0,800506
14000US06037900102,140,6,37,315,23,12,11,292,98,194,0,900102
14000US06037900103,140,6,37,1622,185,46,139,1437,317,1120,0,900103
14000US06037900104,140,6,37,1689,251,125,126,1438,268,1170,0,900104
14000US06037900201,140,6,37,385,19,19,0,366,84,282,0,900201
14000US06037900300,140,6,37,1167,29,18,11,1138,160,978,0,900300
14000US06037900501,140,6,37,1887,218,82,136,1669,312,1357,0,900501
14000US06037900504,140,6,37,1701,117,58,59,1584,104,1480,0,900504
14000US06037900505,140,6,37,1170,125,39,86,1045,279,766,0,900505
14000US06037900506,140,6,37,1310,143,51,92,1167,263,904,0,900506
14000US06037900507,140,6,37,2267,277,157,120,1990,299,1691,0,900507
14000US06037900508,140,6,37,1032,86,76,10,946,56,890,0,900508
14000US06037900602,140,6,37,1627,235,149,86,1392,407,985,0,900602
14000US06037900605,140,6,37,2264,188,84,104,2076,330,1746,0,900605
14000US06037900606,140,6,37,1165,254,216,38,911,148,763,0,900606
14000US06037900607,140,6,37,1138,201,158,43,937,255,682,0,900607
14000US06037900608,140,6,37,967,128,75,53,839,42,797,0,900608
14000US06037900609,140,6,37,1555,223,208,15,1332,274,1058,0,900609
14000US06037900701,140,6,37,1604,302,149,153,1302,301,1001,0,900701
14000US06037900703,140,6,37,1662,225,109,116,1437,397,1040,0,900703
14000US06037900704,140,6,37,1346,193,53,140,1153,189,964,0,900704
14000US06037900705,140,6,37,2011,238,129,109,1773,236,1537,0,900705
14000US06037900803,140,6,37,2573,331,177,154,2242,288,1954,0,900803
14000US06037900804,140,6,37,1007,208,121,87,799,198,601,0,900804
14000US06037900805,140,6,37,1408,140,112,28,1268,78,1190,0,900805
14000US06037900806,140,6,37,1884,259,150,109,1625,608,1017,0,900806
14000US06037900900,140,6,37,1337,81,36,45,1256,135,1121,0,900900
14000US06037901003,140,6,37,0,0,0,0,0,0,0,0,901003
14000US06037901004,140,6,37,3585,164,94,70,3421,256,3165,0,901004
14000US06037901007,140,6,37,676,8,0,8,668,74,594,0,901007
14000US06037901008,140,6,37,984,20,9,11,964,87,877,0,901008
14000US06037901009,140,6,37,1892,79,69,10,1813,195,1618,0,901009
14000US06037901010,140,6,37,1970,120,111,9,1850,367,1483,0,901010
14000US06037901011,140,6,37,1991,155,41,114,1836,193,1643,0,901011
14000US06037901101,140,6,37,1755,106,78,28,1649,280,1369,0,901101
14000US06037901102,140,6,37,1801,117,39,78,1684,177,1507,0,901102
14000US06037901205,140,6,37,3603,82,15,67,3521,206,3315,0,901205
14000US06037901209,140,6,37,506,11,6,5,495,101,394,0,901209
14000US06037901210,140,6,37,574,19,5,14,555,50,505,0,901210
14000US06037901213,140,6,37,1287,8,0,8,1279,93,1186,0,901213
14000US06037910001,140,6,37,1393,188,87,101,1205,70,1135,0,910001
14000US06037910002,140,6,37,1960,171,40,131,1789,311,1478,0,910002
14000US06037910101,140,6,37,392,100,49,51,292,106,186,0,910101
14000US06037910201,140,6,37,1160,116,83,33,1044,160,884,0,910201
14000US06037910202,140,6,37,1736,54,16,38,1682,73,1609,0,910202
14000US06037910205,140,6,37,438,34,3,31,404,7,397,0,910205
14000US06037910206,140,6,37,973,27,5,22,946,47,899,0,910206
14000US06037910207,140,6,37,1674,36,31,5,1638,111,1527,0,910207
14000US06037910208,140,6,37,1801,190,81,109,1611,96,1515,0,910208
14000US06037910209,140,6,37,1278,0,0,0,1278,75,1203,0,910209
14000US06037910210,140,6,37,2068,61,24,37,2007,53,1954,0,910210
14000US06037910301,140,6,37,1420,62,31,31,1358,132,1226,0,910301
14000US06037910302,140,6,37,1953,128,0,128,1825,109,1716,0,910302
14000US06037910401,140,6,37,2186,143,29,114,2043,126,1917,0,910401
14000US06037910402,140,6,37,878,309,237,72,569,119,450,0,910402
14000US06037910403,140,6,37,610,178,146,32,432,189,243,0,910403
14000US06037910404,140,6,37,931,141,79,62,790,153,637,0,910404
14000US06037910501,140,6,37,1831,671,555,116,1160,480,680,0,910501
14000US06037910502,140,6,37,1085,399,238,161,686,111,575,0,910502
14000US06037910504,140,6,37,1201,479,181,298,722,169,553,0,910504
14000US06037910505,140,6,37,692,97,30,67,595,122,473,0,910505
14000US06037910601,140,6,37,1582,244,151,93,1338,325,1013,0,910601
14000US06037910602,140,6,37,1278,176,148,28,1102,244,858,0,910602
14000US06037910603,140,6,37,1878,329,202,127,1549,165,1384,0,910603
14000US06037910605,140,6,37,1210,153,125,28,1057,176,881,0,910605
14000US06037910606,140,6,37,696,103,21,82,593,104,489,0,910606
14000US06037910705,140,6,37,2788,236,136,100,2552,167,2385,0,910705
14000US06037910706,140,6,37,1345,150,93,57,1195,79,1116,0,910706
14000US06037910707,140,6,37,1328,177,129,48,1151,207,944,0,910707
14000US06037910709,140,6,37,492,39,17,22,453,9,444,0,910709
14000US06037910711,140,6,37,2193,411,210,201,1782,312,1470,0,910711
14000US06037910712,140,6,37,660,50,26,24,610,24,586,0,910712
14000US06037910713,140,6,37,1289,247,130,117,1042,59,983,0,910713
14000US06037910714,140,6,37,841,176,108,68,665,49,616,0,910714
14000US06037910715,140,6,37,1657,187,123,64,1470,87,1383,0,910715
14000US06037910716,140,6,37,1591,121,15,106,1470,160,1310,0,910716
14000US06037910804,140,6,37,1025,0,0,0,1025,92,933,0,910804
14000US06037910805,140,6,37,1540,48,40,8,1492,108,1384,0,910805
14000US06037910807,140,6,37,1840,73,15,58,1767,45,1722,0,910807
14000US06037910808,140,6,37,1147,0,0,0,1147,31,1116,0,910808
14000US06037910809,140,6,37,712,11,0,11,701,63,638,0,910809
14000US06037910810,140,6,37,821,24,24,0,797,54,743,0,910810
14000US06037910811,140,6,37,76,0,0,0,76,12,64,0,910811
14000US06037910812,140,6,37,170,5,5,0,165,5,160,0,910812
14000US06037910813,140,6,37,1161,44,0,44,1117,45,1072,0,910813
14000US06037911001,140,6,37,1575,40,5,35,1535,151,1384,0,911001
14000US06037920011,140,6,37,79,0,0,0,79,9,70,0,920011
14000US06037920012,140,6,37,477,16,16,0,461,27,434,0,920012
14000US06037920013,140,6,37,1422,30,0,30,1392,41,1351,0,920013
14000US06037920015,140,6,37,1912,37,0,37,1875,19,1856,0,920015
14000US06037920016,140,6,37,1515,20,0,20,1495,73,1422,0,920016
14000US06037920017,140,6,37,1412,89,50,39,1323,19,1304,0,920017
14000US06037920018,140,6,37,777,22,0,22,755,23,732,0,920018
14000US06037920020,140,6,37,2137,40,17,23,2097,118,1979,0,920020
14000US06037920023,140,6,37,742,59,10,49,683,78,605,0,920023
14000US06037920026,140,6,37,98,0,0,0,98,0,98,0,920026
14000US06037920028,140,6,37,1833,79,31,48,1754,76,1678,0,920028
14000US06037920029,140,6,37,1168,7,0,7,1161,79,1082,0,920029
14000US06037920030,140,6,37,1863,41,12,29,1822,100,1722,0,920030
14000US06037920031,140,6,37,2576,30,0,30,2546,229,2317,0,920031
14000US06037920032,140,6,37,808,0,0,0,808,26,782,0,920032
14000US06037920033,140,6,37,194,8,0,8,186,0,186,0,920033
14000US06037920034,140,6,37,1145,63,0,63,1082,133,949,0,920034
14000US06037920035,140,6,37,2283,85,70,15,2198,218,1980,0,920035
14000US06037920036,140,6,37,950,46,23,23,904,77,827,0,920036
14000US06037920037,140,6,37,2162,409,214,195,1753,137,1616,0,920037
14000US06037920038,140,6,37,1596,253,121,132,1343,186,1157,0,920038
14000US06037920039,140,6,37,593,27,0,27,566,18,548,0,920039
14000US06037920040,140,6,37,991,14,11,3,977,70,907,0,920040
14000US06037920041,140,6,37,908,21,12,9,887,45,842,0,920041
14000US06037920042,140,6,37,2697,164,64,100,2533,176,2357,0,920042
14000US06037920043,140,6,37,1715,46,8,38,1669,70,1599,0,920043
14000US06037920044,140,6,37,959,0,0,0,959,11,948,0,920044
14000US06037920045,140,6,37,1473,51,30,21,1422,46,1376,0,920045
14000US06037920102,140,6,37,1877,125,45,80,1752,91,1661,0,920102
14000US06037920104,140,6,37,902,10,0,10,892,67,825,0,920104
14000US06037920106,140,6,37,835,84,26,58,751,111,640,0,920106
14000US06037920107,140,6,37,1179,16,0,16,1163,39,1124,0,920107
14000US06037920108,140,6,37,1342,0,0,0,1342,67,1275,0,920108
14000US06037920109,140,6,37,1602,0,0,0,1602,88,1514,0,920109
14000US06037920110,140,6,37,1529,41,41,0,1488,18,1470,0,920110
14000US06037920111,140,6,37,1027,35,11,24,992,15,977,0,920111
14000US06037920112,140,6,37,1537,46,18,28,1491,73,1418,0,920112
14000US06037920114,140,6,37,2287,49,49,0,2238,120,2118,0,920114
14000US06037920115,140,6,37,1372,30,0,30,1342,92,1250,0,920115
14000US06037920116,140,6,37,1591,0,0,0,1591,120,1471,0,920116
14000US06037920118,140,6,37,1810,0,0,0,1810,29,1781,0,920118
14000US06037920119,140,6,37,474,5,5,0,469,10,459,0,920119
14000US06037920200,140,6,37,0,0,0,0,0,0,0,0,920200
14000US06037920303,140,6,37,524,8,6,2,516,22,494,0,920303
14000US06037920312,140,6,37,1907,87,28,59,1820,157,1663,0,920312
14000US06037920313,140,6,37,1844,56,34,22,1788,122,1666,0,920313
14000US06037920314,140,6,37,939,0,0,0,939,32,907,0,920314
14000US06037920322,140,6,37,1098,0,0,0,1098,32,1066,0,920322
14000US06037920326,140,6,37,2458,8,0,8,2450,180,2270,0,920326
14000US06037920328,140,6,37,790,0,0,0,790,21,769,0,920328
14000US06037920329,140,6,37,2202,32,32,0,2170,65,2105,0,920329
14000US06037920330,140,6,37,2325,37,29,8,2288,167,2121,0,920330
14000US06037920331,140,6,37,1479,10,0,10,1469,69,1400,0,920331
14000US06037920332,140,6,37,658,5,0,5,653,32,621,0,920332
14000US06037920334,140,6,37,2272,35,0,35,2237,315,1922,0,920334
14000US06037920336,140,6,37,1712,237,184,53,1475,193,1282,0,920336
14000US06037920337,140,6,37,1872,194,138,56,1678,321,1357,0,920337
14000US06037920338,140,6,37,1757,13,13,0,1744,62,1682,0,920338
14000US06037920339,140,6,37,2180,0,0,0,2180,45,2135,0,920339
14000US06037930101,140,6,37,62,0,0,0,62,0,62,0,930101
14000US06037930200,140,6,37,186,29,0,29,157,16,141,0,930200
14000US06037930301,140,6,37,292,19,9,10,273,9,264,0,930301
14000US06037980001,140,6,37,0,0,0,0,0,0,0,0,980001
14000US06037980002,140,6,37,0,0,0,0,0,0,0,0,980002
14000US06037980003,140,6,37,0,0,0,0,0,0,0,0,980003
14000US06037980004,140,6,37,15,0,0,0,15,12,3,0,980004
14000US06037980005,140,6,37,0,0,0,0,0,0,0,0,980005
14000US06037980006,140,6,37,0,0,0,0,0,0,0,0,980006
14000US06037980007,140,6,37,0,0,0,0,0,0,0,0,980007
14000US06037980008,140,6,37,34,14,0,14,20,7,13,0,980008
14000US06037980009,140,6,37,0,0,0,0,0,0,0,0,980009
14000US06037980010,140,6,37,63,4,0,4,59,24,35,0,980010
14000US06037980013,140,6,37,0,0,0,0,0,0,0,0,980013
14000US06037980014,140,6,37,33,0,0,0,33,14,19,0,980014
14000US06037980015,140,6,37,150,34,34,0,116,18,98,0,980015
14000US06037980018,140,6,37,0,0,0,0,0,0,0,0,980018
14000US06037980019,140,6,37,80,0,0,0,80,0,80,0,980019
14000US06037980020,140,6,37,0,0,0,0,0,0,0,0,980020
14000US06037980021,140,6,37,0,0,0,0,0,0,0,0,980021
14000US06037980022,140,6,37,0,0,0,0,0,0,0,0,980022
14000US06037980023,140,6,37,4,0,0,0,4,0,4,0,980023
14000US06037980024,140,6,37,63,0,0,0,63,0,63,0,980024
14000US06037980025,140,6,37,0,0,0,0,0,0,0,0,980025
14000US06037980026,140,6,37,12,0,0,0,12,0,12,0,980026
14000US06037980028,140,6,37,0,0,0,0,0,0,0,0,980028
14000US06037980030,140,6,37,0,0,0,0,0,0,0,0,980030
14000US06037980031,140,6,37,12,0,0,0,12,0,12,0,980031
14000US06037980033,140,6,37,0,0,0,0,0,0,0,0,980033
14000US06037990100,140,6,37,0,0,0,0,0,0,0,0,990100
14000US06037990200,140,6,37,0,0,0,0,0,0,0,0,990200
14000US06037990300,140,6,37,0,0,0,0,0,0,0,0,990300
